-3072 40 -3072.36 0.36 0.977188 1.60377
-2944 40 -2944.48 0.48 0.951114 1.79084
-2816 40 -2816.57 0.568 0.919559 1.91873
-2688 40 -2688.75 0.748 0.881371 2.16441
-2560 40 -2560.65 0.652 0.832975 2.03562
-2432 40 -2432.76 0.764 0.776819 2.18546
-2304 40 -2304.85 0.848 0.68703 2.29431
-2176 40 -2176.99 0.988 0.570974 2.4705
-2048 40 -2048.93 0.928 0.447753 2.3957
-1920 40 -1920.88 0.88 0.392296 2.33511
-1792 40 -1792.97 0.968 0.146055 2.44567
-1664 40 -1664.97 0.972 0.141367 2.45065
-1536 40 -1537.08 1.084 0.1064 2.58826
-1408 40 -1409.42 1.424 0.0824088 2.99096
-1280 40 -1281.4 1.4 0.0648425 2.96312
-1152 40 -1153.8 1.8 0.0548763 3.4186
-1024 40 -1026.16 2.156 0.0488675 3.81253
-896 40 -898.376 2.376 0.0390075 4.05218
-768 40 -770.68 2.68 0.0374 4.37972
-640 40 -643.656 3.656 0.0331925 5.41184
-512 40 -516.42 4.42 0.0285212 6.20665
-384 40 -390.52 6.52 0.026985 8.36114
-256 40 -266.056 10.056 0.0235237 11.9446
-128 40 -145.86 17.86 0.0207925 19.7927
