-184 10 -184.28 0.28 0.95714 1.46686
-176 10 -176.496 0.496 0.93072 1.81458
-168 10 -168.732 0.732 0.89648 2.14325
-160 10 -160.788 0.788 0.86288 2.21684
-152 10 -152.864 0.864 0.8227 2.31476
-144 10 -144.94 0.94 0.7847 2.41074
-136 10 -136.928 0.928 0.72166 2.3957
-128 10 -128.884 0.884 0.64148 2.34019
-120 10 -121.028 1.028 0.52686 2.51983
-112 10 -112.948 0.948 0.49138 2.42074
-104 10 -105.052 1.052 0.37404 2.54925
-96 10 -96.976 0.976 0.2971 2.45562
-88 10 -89.216 1.216 0.30218 2.74694
-80 10 -81.248 1.248 0.2566 2.78492
-72 10 -73.604 1.604 0.19916 3.19749
-64 10 -65.712 1.712 0.18254 3.31976
-56 10 -57.832 1.832 0.16964 3.45438
-48 10 -50.164 2.164 0.15084 3.82129
-40 10 -42.764 2.764 0.1332 4.4696
-32 10 -35.56 3.56 0.11916 5.3113
-24 10 -28.192 4.192 0.10346 5.97033
