-768 20 -768.276 0.276 0.97829 1.45966
-736 20 -736.456 0.456 0.952455 1.75476
-704 20 -704.636 0.636 0.921405 2.01368
-672 20 -672.552 0.552 0.8873 1.89594
-640 20 -640.74 0.74 0.84638 2.15385
-608 20 -608.744 0.744 0.796835 2.15913
-576 20 -576.768 0.768 0.738475 2.19071
-544 20 -544.76 0.76 0.611125 2.18021
-512 20 -512.904 0.904 0.583895 2.3655
-480 20 -480.816 0.816 0.33049 2.25316
-448 20 -449.024 1.024 0.29156 2.51492
-416 20 -417.124 1.124 0.221395 2.63671
-384 20 -385.2 1.2 0.179115 2.72789
-352 20 -353.18 1.18 0.13844 2.704
-320 20 -321.404 1.404 0.13682 2.96777
-288 20 -289.58 1.58 0.10513 3.17017
-256 20 -257.896 1.896 0.08932 3.5257
-224 20 -226.336 2.336 0.079385 4.00879
-192 20 -194.592 2.592 0.077055 4.28528
-160 20 -163.236 3.236 0.065905 4.97061
-128 20 -132.256 4.256 0.05853 6.03673
-96 20 -101.996 5.996 0.05364 7.82637
-64 20 -71.688 7.688 0.04847 9.54877
-32 20 -44.836 12.836 0.04631 14.7457
