6 510
510 43350
43350 14762
14762 75131
75131 94727
94727 56464
56464 80884
80884 59448
59448 72382
72382 123204
123204 117731
117731 45739
45739 86756
86756 34284
34284 30578
30578 108781
108781 71415
71415 41009
41009 77919
77919 69565
69565 14830
14830 80911
80911 61743
61743 5315
5315 58562
58562 128143
128143 13262
13262 78702
78702 5049
5049 35952
35952 41287
41287 101549
101549 112050
112050 87138
87138 66754
66754 38037
38037 87441
87441 92509
92509 130076
130076 46496
46496 20030
20030 129698
129698 14366
14366 41471
41471 117189
117189 130740
130740 102936
102936 98874
98874 15746
15746 27700
27700 126293
126293 118154
118154 81694
81694 128298
128298 26437
26437 18938
18938 36878
36878 119997
119997 107278
107278 74731
74731 60727
60727 50026
50026 57938
57938 75103
75103 92347
92347 116306
116306 55685
55685 14669
14669 67226
67226 78157
78157 89795
89795 30457
30457 98496
98496 114687
114687 49141
49141 113784
113784 103457
103457 12088
12088 109983
109983 42514
42514 74773
74773 64297
64297 91334
91334 30201
30201 76736
76736 100081
100081 118341
118341 97589
97589 37592
37592 49616
49616 23088
23088 127486
127486 88488
88488 50433
50433 92533
92533 1045
1045 88825
88825 79078
79078 37009
37009 61
61 5185
5185 47512
47512 106390
106390 130322
130322 67406
67406 93457
93457 79585
79585 80104
80104 124219
124219 72935
72935 39138
39138 49955
49955 51903
51903 86412
86412 5044
5044 35527
35527 5162
5162 45557
45557 71286
71286 30044
30044 63391
63391 14324
14324 37901
37901 75881
75881 27406
27406 101303
101303 91140
91140 13711
13711 116867
116867 103370
103370 4693
4693 5692
5692 90607
90607 99477
99477 67001
67001 59032
59032 37022
37022 1166
1166 99110
99110 35806
35806 28877
28877 95267
95267 102364
102364 50254
50254 77318
77318 18480
18480 129019
129019 87722
87722 116394
116394 63165
63165 126185
126185 108974
108974 87820
87820 124724
124724 115860
115860 17775
17775 69094
69094 105866
105866 85782
85782 82565
82565 71262
71262 28004
28004 21062
21062 86347
86347 130590
130590 90186
90186 63692
63692 39909
39909 115490
115490 117396
117396 17264
17264 25659
25659 83879
83879 51881
51881 84542
84542 108236
108236 25090
25090 35514
35514 4057
4057 82703
82703 82992
82992 107557
107557 98446
98446 110437
110437 81104
81104 78148
78148 89030
89030 96503
96503 76353
76353 67526
67526 103657
103657 29088
29088 113202
113202 53987
53987 1410
1410 119850
119850 94783
94783 61224
61224 92271
92271 109846
109846 30869
30869 2445
2445 76754
76754 101611
101611 117320
117320 10804
10804 843
843 71655
71655 61409
61409 107996
107996 4690
4690 5437
5437 68932
68932 92096
92096 94971
94971 77204
77204 8790
8790 91795
91795 69386
69386 130686
130686 98346
98346 101937
101937 13959
13959 6876
6876 60176
60176 3191
3191 9093
9093 117550
117550 30354
30354 89741
89741 25867
25867 101559
101559 112900
112900 28317
28317 47667
47667 119565
119565 70558
70558 99235
99235 46431
46431 14505
14505 53286
53286 72896
72896 35823
35823 30322
30322 87021
87021 56809
56809 110209
110209 61724
61724 3700
3700 52358
52358 125087
125087 15644
15644 19030
19030 44698
44698 129342
129342 115177
115177 90791
90791 115117
115117 85691
85691 74830
74830 69142
69142 109946
109946 39369
39369 69590
69590 16955
16955 130465
130465 79561
79561 78064
78064 81890
81890 13887
13887 756
756 64260
64260 88189
88189 25018
25018 29394
29394 8141
8141 36630
36630 98917
98917 19401
19401 76233
76233 57326
57326 23083
23083 127061
127061 52363
52363 125512
125512 51769
51769 75022
75022 85462
85462 55365
55365 118540
118540 114504
114504 33586
33586 102319
102319 46429
46429 14335
14335 38836
38836 24285
24285 98160
98160 86127
86127 111890
111890 73538
73538 90393
90393 81287
81287 93703
93703 100495
100495 22460
22460 74106
74106 7602
7602 121886
121886 5701
5701 91372
91372 33431
33431 89144
89144 106193
106193 113577
113577 85862
85862 89365
89365 124978
124978 6379
6379 17931
17931 82354
82354 53327
53327 76381
76381 69906
69906 43815
43815 54287
54287 26910
26910 59143
59143 46457
46457 16715
16715 110065
110065 49484
49484 11868
11868 91283
91283 25866
25866 101474
101474 105675
105675 69547
69547 13300
13300 81932
81932 17457
17457 42064
42064 36523
36523 89822
89822 32752
32752 31429
31429 50045
50045 59553
59553 81307
81307 95403
95403 113924
113924 115357
115357 106091
106091 104907
104907 4267
4267 100553
100553 27390
27390 99943
99943 106611
106611 18036
18036 91279
91279 25526
25526 72574
72574 8453
8453 63150
63150 124910
124910 599
599 50915
50915 2432
2432 75649
75649 7686
7686 129026
129026 88317
88317 35898
35898 36697
36697 104612
104612 110263
110263 66314
66314 637
637 54145
54145 14840
14840 81761
81761 2922
2922 117299
117299 9019
9019 111260
111260 19988
19988 126128
126128 104129
104129 69208
69208 115556
115556 123006
123006 100901
100901 56970
56970 123894
123894 45310
45310 50291
50291 80463
80463 23663
23663 45290
45290 48591
48591 67034
67034 61837
61837 13305
13305 82357
82357 53582
53582 98056
98056 77287
77287 15845
15845 36115
36115 55142
55142 99585
99585 76181
76181 52906
52906 40596
40596 42814
42814 100273
100273 3590
3590 43008
43008 116763
116763 94530
94530 39719
39719 99340
99340 55356
55356 117775
117775 49479
49479 11443
11443 55158
55158 100945
100945 60710
60710 48581
48581 66184
66184 120658
120658 32392
32392 829
829 70465
70465 91330
91330 29861
29861 47836
47836 2859
2859 111944
111944 78128
78128 87330
87330 83074
83074 114527
114527 35541
35541 6352
6352 15636
15636 18350
18350 117969
117969 65969
65969 102383
102383 51869
51869 83522
83522 21536
21536 126637
126637 16323
16323 76745
76745 100846
100846 52295
52295 119732
119732 84753
84753 126171
126171 107784
107784 117741
117741 46589
46589 27935
27935 15197
15197 112106
112106 91898
91898 78141
78141 88435
88435 45928
45928 102821
102821 89099
89099 102368
102368 50594
50594 106218
106218 115702
115702 4345
4345 107183
107183 66656
66656 29707
29707 34746
34746 69848
69848 38885
38885 28450
28450 58972
58972 31922
31922 91950
91950 82561
82561 70922
70922 130175
130175 54911
54911 79950
79950 111129
111129 8853
8853 97150
97150 277
277 23545
23545 35260
35260 113538
113538 82547
82547 69732
69732 29025
29025 107847
107847 123096
123096 108551
108551 51865
51865 83182
83182 123707
123707 29415
29415 9926
9926 57284
57284 19513
19513 85753
85753 80100
80100 123879
123879 44035
44035 72987
72987 43558
43558 32442
32442 5079
5079 38502
38502 126966
126966 44288
44288 94492
94492 36489
36489 86932
86932 49244
49244 122539
122539 61206
61206 90741
90741 110867
110867 117654
117654 39194
39194 54715
54715 63290
63290 5739
5739 94602
94602 45839
45839 95256
95256 101429
101429 101850
101850 6564
6564 33656
33656 108269
108269 27895
27895 11797
11797 85248
85248 37175
37175 14171
14171 24896
24896 19024
19024 44188
44188 85992
85992 100415
100415 15660
15660 20390
20390 29227
29227 125017
125017 9694
9694 37564
37564 47236
47236 82930
82930 102287
102287 43709
43709 45277
45277 47486
47486 104180
104180 73543
73543 90818
90818 117412
117412 18624
18624 10188
10188 79554
79554 77469
77469 31315
31315 40355
40355 22329
22329 62971
62971 109695
109695 18034
18034 91109
91109 11076
11076 23963
23963 70790
70790 118955
118955 18708
18708 17328
17328 31099
31099 21995
21995 34581
34581 55823
55823 26399
26399 15708
15708 24470
24470 113885
113885 112042
112042 86458
86458 8954
8954 105735
105735 74647
74647 53587
53587 98481
98481 113412
113412 71837
71837 76879
76879 112236
112236 102948
102948 99894
99894 102446
102446 57224
57224 14413
14413 45466
45466 63551
63551 27924
27924 14262
14262 32631
32631 21144
21144 93317
93317 67685
67685 117172
117172 129295
129295 111182
111182 13358
13358 86862
86862 43294
43294 10002
10002 63744
63744 44329
44329 97977
97977 70572
70572 100425
100425 16510
16510 92640
92640 10140
10140 75474
75474 123882
123882 44290
44290 94662
94662 50939
50939 4472
4472 117978
117978 66734
66734 36337
36337 74012
74012 130683
130683 98091
98091 80262
80262 6578
6578 34846
34846 78348
78348 106030
106030 99722
99722 87826
87826 125234
125234 28139
28139 32537
32537 13154
13154 69522
69522 11175
11175 32378
32378 130710
130710 100386
100386 13195
13195 73007
73007 45258
45258 45871
45871 97976
97976 70487
70487 93200
93200 57740
57740 58273
58273 103578
103578 22373
22373 66711
66711 34382
34382 38908
38908 30405
30405 94076
94076 1129
1129 95965
95965 30623
30623 112606
112606 3327
3327 20653
20653 51582
51582 59127
59127 45097
45097 32186
32186 114390
114390 23896
23896 65095
65095 28093
28093 28627
28627 74017
74017 37
37 3145
3145 5183
5183 47342
47342 91940
91940 81711
81711 129743
129743 18191
18191 104454
104454 96833
96833 104403
104403 92498
92498 129141
129141 98092
98092 80347
80347 13803
13803 124687
124687 112715
112715 12592
12592 21752
21752 13926
13926 4071
4071 83893
83893 53071
53071 54621
54621 55300
55300 113015
113015 38092
38092 92116
92116 96671
96671 90633
90633 101687
101687 123780
123780 35620
35620 13067
13067 62127
62127 37955
37955 80471
80471 24343
24343 103090
103090 111964
111964 79828
79828 100759
100759 44900
44900 15441
15441 1775
1775 19804
19804 110488
110488 85439
85439 53410
53410 83436
83436 14226
14226 29571
29571 23186
23186 4745
4745 10112
10112 73094
73094 52653
52653 19091
19091 49883
49883 45783
45783 90496
90496 90042
90042 51452
51452 48077
48077 23344
23344 18175
18175 103094
103094 112304
112304 108728
108728 66910
66910 51297
51297 34902
34902 83108
83108 117417
117417 19049
19049 46313
46313 4475
4475 118233
118233 88409
88409 43718
43718 46042
46042 112511
112511 126323
126323 120704
120704 36302
36302 71037
71037 8879
8879 99360
99360 57056
57056 133
133 11305
11305 43428
43428 21392
21392 114397
114397 24491
24491 115670
115670 1625
1625 7054
7054 75306
75306 109602
109602 10129
10129 74539
74539 44407
44407 104607
104607 109838
109838 30189
30189 75716
75716 13381
13381 88817
88817 78398
78398 110280
110280 67759
67759 123462
123462 8590
8590 74795
74795 66167
66167 119213
119213 40638
40638 46384
46384 10510
10510 106924
106924 44641
44641 124497
124497 96565
96565 81623
81623 122263
122263 37746
37746 62706
62706 87170
87170 69474
69474 7095
7095 78791
78791 12614
12614 23622
23622 41805
41805 14508
14508 53541
53541 94571
94571 43204
43204 2352
2352 68849
68849 85041
85041 19580
19580 91448
91448 39891
39891 113960
113960 118417
118417 104049
104049 62408
62408 61840
61840 13560
13560 104032
104032 60963
60963 70086
70086 59115
59115 44077
44077 76557
76557 84866
84866 4705
4705 6712
6712 46236
46236 129001
129001 86192
86192 117415
117415 18879
18879 31863
31863 86935
86935 49499
49499 13143
13143 68587
68587 62771
62771 92695
92695 14815
14815 79636
79636 84439
84439 99481
99481 67341
67341 87932
87932 3173
3173 7563
7563 118571
118571 117139
117139 126490
126490 3828
3828 63238
63238 1319
1319 112115
112115 92663
92663 12095
12095 110578
110578 93089
93089 48305
48305 42724
42724 92623
92623 8695
8695 83720
83720 38366
38366 115406
115406 110256
110256 65719
65719 81133
81133 80613
80613 36413
36413 80472
80472 24428
24428 110315
110315 70734
70734 114195
114195 7321
7321 98001
98001 72612
72612 11683
11683 75558
75558 131022
131022 126906
126906 39188
39188 54205
54205 19940
19940 122048
122048 19471
19471 82183
82183 38792
38792 20545
20545 42402
42402 65253
65253 41523
41523 121609
121609 113227
113227 56112
56112 50964
50964 6597
6597 36461
36461 84552
84552 109086
109086 97340
97340 16427
16427 85585
85585 65820
65820 89718
89718 23912
23912 66455
66455 12622
12622 24302
24302 99605
99605 77881
77881 66335
66335 2422
2422 74799
74799 66507
66507 17042
17042 6789
6789 52781
52781 29971
29971 57186
57186 11183
11183 33058
33058 57439
57439 32688
32688 25989
25989 111929
111929 76853
76853 110026
110026 46169
46169 123306
123306 126401
126401 127334
127334 75568
75568 801
801 68085
68085 20101
20101 4662
4662 3057
3057 128774
128774 66897
66897 50192
50192 72048
72048 94814
94814 63859
63859 54104
54104 11355
11355 47678
47678 120500
120500 18962
18962 38918
38918 31255
31255 35255
35255 113113
113113 46422
46422 13740
13740 119332
119332 50753
50753 119733
119733 84838
84838 2325
2325 66554
66554 21037
21037 84222
84222 81036
81036 72368
72368 122014
122014 16581
16581 98675
98675 129902
129902 31706
31706 73590
73590 94813
94813 63774
63774 46879
46879 52585
52585 13311
13311 82867
82867 96932
96932 112818
112818 21347
21347 110572
110572 92579
92579 4955
4955 27962
27962 17492
17492 45039
45039 27256
27256 88553
88553 55958
55958 37874
37874 73586
73586 94473
94473 34874
34874 80728
80728 46188
46188 124921
124921 1534
1534 130390
130390 73186
73186 60473
60473 28436
28436 57782
57782 61843
61843 13815
13815 125707
125707 68344
68344 42116
42116 40943
40943 72309
72309 116999
116999 114590
114590 40896
40896 68314
68314 39566
39566 86335
86335 129570
129570 3486
3486 34168
34168 20718
20718 57107
57107 4468
4468 117638
117638 37834
37834 70186
70186 67615
67615 111222
111222 16758
16758 113720
113720 98017
98017 73972
73972 127283
127283 71233
71233 25539
25539 73679
73679 102378
102378 51444
51444 47397
47397 96615
96615 85873
85873 90300
90300 73382
73382 77133
77133 2755
2755 103104
103104 113154
113154 49907
49907 47823
47823 1754
1754 18019
18019 89834
89834 33772
33772 118129
118129 79569
79569 78744
78744 8619
8619 77260
77260 13550
13550 103182
103182 119784
119784 89173
89173 108658
108658 60960
60960 69831
69831 37440
37440 36696
36696 104527
104527 103038
103038 107544
107544 97341
97341 16512
16512 92810
92810 24590
24590 124085
124085 61545
61545 119556
119556 69793
69793 34210
34210 24288
24288 98415
98415 107802
107802 119271
119271 45568
45568 72221
72221 109519
109519 3074
3074 130219
130219 58651
58651 4637
4637 932
932 79220
79220 49079
49079 108514
108514 48720
48720 77999
77999 76365
76365 68546
68546 59286
59286 58612
58612 1322
1322 112370
112370 114338
114338 19476
19476 82608
82608 74917
74917 76537
76537 83166
83166 122347
122347 44886
44886 14251
14251 31696
31696 72740
72740 22563
22563 82861
82861 96422
96422 69468
69468 6585
6585 35441
35441 128923
128923 79562
79562 78149
78149 89115
89115 103728
103728 35123
35123 101893
101893 10219
10219 82189
82189 39302
39302 63895
63895 57164
57164 9313
9313 5179
5179 47002
47002 63040
63040 115560
115560 123346
123346 129801
129801 23121
23121 130291
130291 64771
64771 553
553 47005
47005 63295
63295 6164
6164 130727
130727 101831
101831 4949
4949 27452
27452 105213
105213 30277
30277 83196
83196 124897
124897 130565
130565 88061
88061 14138
14138 22091
22091 42741
42741 94068
94068 449
449 38165
38165 98321
98321 99812
99812 95476
95476 120129
120129 118498
118498 110934
110934 123349
123349 130056
130056 44796
44796 6601
6601 36801
36801 113452
113452 75237
75237 103737
103737 35888
35888 35847
35847 32362
32362 129350
129350 115857
115857 17520
17520 47419
47419 98485
98485 113752
113752 100737
100737 43030
43030 118633
118633 122409
122409 50156
50156 68988
68988 96856
96856 106358
106358 127602
127602 98348
98348 102107
102107 28409
28409 55487
55487 128910
128910 78457
78457 115295
115295 100821
100821 50170
50170 70178
70178 66935
66935 53422
53422 84456
84456 100926
100926 59095
59095 42377
42377 63128
63128 123040
123040 103791
103791 40478
40478 32784
32784 34149
34149 19103
19103 50903
50903 1412
1412 120020
120020 109233
109233 109835
109835 29934
29934 54041
54041 6000
6000 116787
116787 96570
96570 82048
82048 27317
27317 93738
93738 103470
103470 13193
13193 72837
72837 30808
30808 128331
128331 29242
29242 126292
126292 118069
118069 74469
74469 38457
38457 123141
123141 112376
112376 114848
114848 62826
62826 97370
97370 18977
18977 40193
40193 8559
8559 72160
72160 104334
104334 86633
86633 23829
23829 59400
59400 68302
68302 38546
38546 130706
130706 100046
100046 115366
115366 106856
106856 38861
38861 26410
26410 16643
16643 103945
103945 53568
53568 96866
96866 107208
107208 68781
68781 79261
79261 52564
52564 11526
11526 62213
62213 45265
45265 46466
46466 17480
17480 44019
44019 71627
71627 59029
59029 36767
36767 110562
110562 91729
91729 63776
63776 47049
47049 67035
67035 61922
61922 20530
20530 41127
41127 87949
87949 4618
4618 130388
130388 73016
73016 46023
46023 110896
110896 120119
120119 117648
117648 38684
38684 11365
11365 48528
48528 61679
61679 130946
130946 120446
120446 14372
14372 41981
41981 29468
29468 14431
14431 46996
46996 62530
62530 72210
72210 108584
108584 54670
54670 59465
59465 73827
73827 114958
114958 72176
72176 105694
105694 71162
71162 19504
19504 84988
84988 15075
15075 101736
101736 127945
127945 127503
127503 89933
89933 42187
42187 46978
46978 61000
61000 73231
73231 64298
64298 91419
91419 37426
37426 35506
35506 3377
3377 24903
24903 19619
19619 94763
94763 59524
59524 78842
78842 16949
16949 129955
129955 36211
36211 63302
63302 6759
6759 50231
50231 75363
75363 114447
114447 28741
28741 83707
83707 37261
37261 21481
21481 121962
121962 12161
12161 116188
116188 45655
45655 79616
79616 82739
82739 86052
86052 105515
105515 55947
55947 36939
36939 125182
125182 23719
23719 50050
50050 59978
59978 117432
117432 20324
20324 23617
23617 41380
41380 109454
109454 128620
128620 53807
53807 117181
117181 130060
130060 45136
45136 35501
35501 2952
2952 119849
119849 94698
94698 53999
53999 2430
2430 75479
75479 124307
124307 80415
80415 19583
19583 91703
91703 61566
61566 121341
121341 90447
90447 85877
85877 90640
90640 102282
102282 43284
43284 9152
9152 122565
122565 63416
63416 16449
16449 87455
87455 93699
93699 100155
100155 124631
124631 107955
107955 1205
1205 102425
102425 55439
55439 124830
124830 124870
124870 128270
128270 24057
24057 78780
78780 11679
11679 75218
75218 102122
102122 29684
29684 32791
32791 34744
34744 69678
69678 24435
24435 110910
110910 121309
121309 87727
87727 116819
116819 99290
99290 51106
51106 18667
18667 13843
13843 128087
128087 8502
8502 67315
67315 85722
85722 77465
77465 30975
30975 11455
11455 56178
56178 56574
56574 90234
90234 67772
67772 124567
124567 102515
102515 63089
63089 119725
119725 84158
84158 75596
75596 3181
3181 8243
8243 45300
45300 49441
49441 8213
8213 42750
42750 94833
94833 65474
65474 60308
60308 14411
14411 45296
45296 49101
49101 110384
110384 76599
76599 88436
88436 46013
46013 110046
110046 47869
47869 5664
5664 88227
88227 28248
28248 41802
41802 14253
14253 31866
31866 87190
87190 71174
71174 20524
20524 40617
40617 44599
44599 120927
120927 55257
55257 109360
109360 120630
120630 30012
30012 60671
60671 45266
45266 46551
46551 24705
24705 2789
2789 105994
105994 96662
96662 89868
89868 36662
36662 101637
101637 119530
119530 67583
67583 108502
108502 47700
47700 122370
122370 46841
46841 49355
49355 903
903 76755
76755 101696
101696 124545
124545 100645
100645 35210
35210 109288
109288 114510
114510 34096
34096 14598
14598 61191
61191 89466
89466 2492
2492 80749
80749 47973
47973 14504
14504 53201
53201 65671
65671 77053
77053 127026
127026 49388
49388 3708
3708 53038
53038 51816
51816 79017
79017 31824
31824 83620
83620 29866
29866 48261
48261 38984
38984 36865
36865 118892
118892 13353
13353 86437
86437 7169
7169 85081
85081 22980
22980 118306
118306 94614
94614 46859
46859 50885
50885 130953
130953 121041
121041 64947
64947 15513
15513 7895
7895 15720
15720 25490
25490 69514
69514 10495
10495 105649
105649 67337
67337 87592
87592 105344
105344 41412
41412 112174
112174 97678
97678 45157
45157 37286
37286 23606
23606 40445
40445 29979
29979 57866
57866 68983
68983 96431
96431 70233
70233 71610
71610 57584
57584 45013
45013 25046
25046 31774
31774 79370
79370 61829
61829 12625
12625 24557
24557 121280
121280 85262
85262 38365
38365 115321
115321 103031
103031 106949
106949 46766
46766 42980
42980 114383
114383 23301
23301 14520
14520 54561
54561 50200
50200 72728
72728 21543
21543 127232
127232 66898
66898 50277
50277 79273
79273 53584
53584 98226
98226 91737
91737 64456
64456 104849
104849 130408
130408 74716
74716 59452
59452 72722
72722 21033
21033 83882
83882 52136
52136 106217
106217 115617
115617 128191
128191 17342
17342 32289
32289 123145
123145 112716
112716 12677
12677 28977
28977 103767
103767 38438
38438 121526
121526 106172
106172 111792
111792 65208
65208 37698
37698 58626
58626 2512
2512 82449
82449 61402
61402 107401
107401 85186
85186 31905
31905 90505
90505 90807
90807 116477
116477 70220
70220 70505
70505 94730
94730 56719
56719 102559
102559 66829
66829 44412
44412 105032
105032 14892
14892 86181
86181 116480
116480 70475
70475 92180
92180 102111
102111 28749
28749 84387
84387 95061
95061 84854
84854 3685
3685 51083
51083 16712
16712 109810
109810 27809
27809 4487
4487 119253
119253 44038
44038 73242
73242 65233
65233 39823
39823 108180
108180 20330
20330 24127
24127 84730
84730 124216
124216 72680
72680 17463
17463 42574
42574 79873
79873 104584
104584 107883
107883 126156
126156 106509
106509 9366
9366 9684
9684 36714
36714 106057
106057 102017
102017 20759
20759 60592
60592 38551
38551 60
60 5100
5100 40287
40287 16549
16549 95955
95955 29773
29773 40356
40356 22414
22414 70196
70196 68465
68465 52401
52401 128742
128742 64177
64177 81134
81134 80698
80698 43638
43638 39242
39242 58795
58795 16877
16877 123835
123835 40295
40295 17229
17229 22684
22684 93146
93146 53150
53150 61336
61336 101791
101791 1549
1549 594
594 50490
50490 97378
97378 19657
19657 97993
97993 71932
71932 84954
84954 12185
12185 118228
118228 87984
87984 7593
7593 121121
121121 71747
71747 69229
69229 117341
117341 12589
12589 21497
21497 123322
123322 127761
127761 111863
111863 71243
71243 26389
26389 14858
14858 83291
83291 1901
1901 30514
30514 103341
103341 2228
2228 58309
58309 106638
106638 20331
20331 24212
24212 91955
91955 82986
82986 107047
107047 55096
55096 95675
95675 5973
5973 114492
114492 32566
32566 15619
15619 16905
16905 126215
126215 111524
111524 42428
42428 67463
67463 98302
98302 98197
98197 89272
89272 117073
117073 120880
120880 51262
51262 31927
31927 92375
92375 118686
118686 126914
126914 39868
39868 112005
112005 83313
83313 3771
3771 58393
58393 113778
113778 102947
102947 99809
99809 95221
95221 98454
98454 111117
111117 7833
7833 10450
10450 101824
101824 4354
4354 107948
107948 610
610 51850
51850 81907
81907 15332
15332 123581
123581 18705
18705 17073
17073 9424
9424 14614
14614 62551
62551 73995
73995 129238
129238 106337
106337 125817
125817 77694
77694 50440
50440 93128
93128 51620
51620 62357
62357 57505
57505 38298
38298 109626
109626 12169
12169 116868
116868 103455
103455 11918
11918 95533
95533 124974
124974 6039
6039 120102
120102 116203
116203 46930
46930 56920
56920 119644
119644 77273
77273 14655
14655 66036
66036 108078
108078 11660
11660 73603
73603 95918
95918 26628
26628 35173
35173 106143
106143 109327
109327 117825
117825 53729
53729 110551
110551 90794
90794 115372
115372 107366
107366 82211
82211 41172
41172 91774
91774 67601
67601 110032
110032 46679
46679 35585
35585 10092
10092 71394
71394 39224
39224 57265
57265 17898
17898 79549
79549 77044
77044 126261
126261 115434
115434 112636
112636 5877
5877 106332
106332 125392
125392 41569
41569 125519
125519 52364
52364 125597
125597 58994
58994 33792
33792 119829
119829 92998
92998 40570
40570 40604
40604 43494
43494 27002
27002 66963
66963 55802
55802 24614
24614 126125
126125 103874
103874 47533
47533 108175
108175 19905
19905 119073
119073 28738
28738 83452
83452 15586
15586 14100
14100 18861
18861 30333
30333 87956
87956 5213
5213 49892
49892 46548
46548 24450
24450 112185
112185 98613
98613 124632
124632 108040
108040 8430
8430 61195
61195 89806
89806 31392
31392 46900
46900 54370
54370 33965
33965 3463
3463 32213
32213 116685
116685 87900
87900 453
453 38505
38505 127221
127221 65963
65963 101873
101873 8519
8519 68760
68760 77476
77476 31910
31910 90930
90930 126932
126932 41398
41398 110984
110984 127599
127599 98093
98093 80432
80432 21028
21028 83457
83457 16011
16011 50225
50225 74853
74853 71097
71097 13979
13979 8576
8576 73605
73605 96088
96088 41078
41078 83784
83784 43806
43806 53522
53522 92956
92956 37000
37000 130367
130367 71231
71231 25369
25369 59229
59229 53767
53767 113781
113781 103202
103202 121484
121484 102602
102602 70484
70484 92945
92945 36065
36065 50892
50892 477
477 40545
40545 38479
38479 125011
125011 9184
9184 125285
125285 32474
32474 7799
7799 7560
7560 118316
118316 95464
95464 119109
119109 31798
31798 81410
81410 104158
104158 71673
71673 62939
62939 106975
106975 48976
48976 99759
99759 90971
90971 130417
130417 75481
75481 124477
124477 94865
94865 68194
68194 29366
29366 5761
5761 96472
96472 73718
73718 105693
105693 71077
71077 12279
12279 126218
126218 111779
111779 64103
64103 74844
74844 70332
70332 80025
80025 117504
117504 26444
26444 19533
19533 87453
87453 93529
93529 85705
85705 76020
76020 39221
39221 57010
57010 127294
127294 72168
72168 105014
105014 13362
13362 87202
87202 72194
72194 107224
107224 70141
70141 63790
63790 48239
48239 37114
37114 8986
8986 108455
108455 43705
43705 44937
44937 18586
18586 6958
6958 67146
67146 71357
71357 36079
36079 52082
52082 101627
101627 118680
118680 126404
126404 127589
127589 97243
97243 8182
8182 40115
40115 1929
1929 32894
32894 43499
43499 27427
27427 103088
103088 111794
111794 65378
65378 52148
52148 107237
107237 71246
71246 26644
26644 36533
36533 90672
90672 105002
105002 12342
12342 502
502 42670
42670 88033
88033 11758
11758 81933
81933 17542
17542 49289
49289 126364
126364 124189
124189 70385
70385 84530
84530 107216
107216 69461
69461 5990
5990 115937
115937 24320
24320 101135
101135 76860
76860 110621
110621 96744
96744 96838
96838 104828
104828 128623
128623 54062
54062 7785
7785 6370
6370 17166
17166 17329
17329 31184
31184 29220
29220 124422
124422 90190
90190 64032
64032 68809
68809 81641
81641 123793
123793 36725
36725 106992
106992 50421
50421 91513
91513 45416
45416 59301
59301 59887
59887 109697
109697 18204
18204 105559
105559 59687
59687 92697
92697 14985
14985 94086
94086 1979
1979 37144
37144 11536
11536 63063
63063 117515
117515 27379
27379 99008
99008 27136
27136 78353
78353 106455
106455 4776
4776 12747
12747 34927
34927 85233
85233 35900
35900 36867
36867 119062
119062 27803
27803 3977
3977 75903
75903 29276
29276 129182
129182 101577
101577 114430
114430 27296
27296 91953
91953 82816
82816 92597
92597 6485
6485 26941
26941 61778
61778 8290
8290 49295
49295 126874
126874 36468
36468 85147
85147 28590
28590 70872
70872 125925
125925 86874
86874 44314
44314 96702
96702 93268
93268 63520
63520 25289
25289 52429
52429 51
51 4335
4335 106333
106333 125477
125477 48794
48794 84289
84289 86731
86731 32159
32159 112095
112095 90963
90963 129737
129737 17681
17681 61104
61104 82071
82071 29272
29272 128842
128842 72677
72677 17208
17208 20899
20899 72492
72492 1483
1483 126055
126055 97924
97924 66067
66067 110713
110713 104564
104564 106183
106183 112727
112727 13612
13612 108452
108452 43450
43450 23262
23262 11205
11205 34928
34928 85318
85318 43125
43125 126708
126708 22358
22358 65436
65436 57078
57078 2003
2003 39184
39184 53865
53865 122111
122111 24826
24826 13074
13074 62722
62722 88530
88530 54003
54003 2770
2770 104379
104379 90458
90458 86812
86812 39044
39044 41965
41965 28108
28108 29902
29902 51321
51321 36942
36942 125437
125437 45394
45394 57431
57431 32008
32008 99260
99260 48556
48556 64059
64059 71104
71104 14574
14574 59151
59151 47137
47137 74515
74515 42367
42367 62278
62278 50790
50790 122878
122878 90021
90021 49667
49667 27423
27423 102748
102748 82894
82894 99227
99227 45751
45751 87776
87776 120984
120984 60102
60102 127972
127972 129798
129798 22866
22866 108616
108616 57390
57390 28523
28523 65177
65177 35063
35063 96793
96793 101003
101003 65640
65640 74418
74418 34122
34122 16808
16808 117970
117970 66054
66054 109608
109608 10639
10639 117889
117889 59169
59169 48667
48667 73494
73494 86653
86653 25529
25529 72829
72829 30128
30128 70531
70531 96940
96940 113498
113498 79147
79147 42874
42874 105373
105373 43877
43877 59557
59557 81647
81647 124303
124303 80075
80075 121754
121754 125552
125552 55169
55169 101880
101880 9114
9114 119335
119335 51008
51008 10337
10337 92219
92219 105426
105426 48382
48382 49269
49269 124664
124664 110760
110760 108559
108559 52545
52545 9911
9911 56009
56009 42209
42209 48848
48848 88879
88879 83668
83668 33946
33946 1848
1848 26009
26009 113629
113629 90282
90282 71852
71852 78154
78154 89540
89540 8782
8782 91115
91115 11586
11586 67313
67313 85552
85552 63015
63015 113435
113435 73792
73792 111983
111983 81443
81443 106963
106963 47956
47956 13059
13059 61447
61447 111226
111226 17098
17098 11549
11549 64168
64168 80369
80369 15673
15673 21495
21495 123152
123152 113311
113311 63252
63252 2509
2509 82194
82194 39727
39727 100020
100020 113156
113156 50077
50077 62273
62273 50365
50365 86753
86753 34029
34029 8903
8903 101400
101400 99385
99385 59181
59181 49687
49687 29123
29123 116177
116177 44720
44720 141
141 11985
11985 101228
101228 84765
84765 127191
127191 63413
63413 16194
16194 65780
65780 86318
86318 128125
128125 11732
11732 79723
79723 91834
91834 72701
72701 19248
19248 63228
63228 469
469 39865
39865 111750
111750 61638
61638 127461
127461 86363
86363 879
879 74715
74715 59367
59367 65497
65497 62263
62263 49515
49515 14503
14503 53116
53116 58446
58446 118283
118283 92659
92659 11755
11755 81678
81678 126938
126938 41908
41908 23263
23263 11290
11290 42153
42153 44088
44088 77492
77492 33270
33270 75459
75459 122607
122607 66986
66986 57757
57757 59718
59718 95332
95332 107889
107889 126666
126666 18788
18788 24128
24128 84815
84815 370
370 31450
31450 51830
51830 80207
80207 1903
1903 30684
30684 117791
117791 50839
50839 127043
127043 50833
50833 126533
126533 7483
7483 111771
111771 63423
63423 17044
17044 6959
6959 67231
67231 78582
78582 125920
125920 86449
86449 8189
8189 40710
40710 52504
52504 6426
6426 21926
21926 28716
28716 81582
81582 118778
118778 3663
3663 49213
49213 119904
119904 99373
99373 58161
58161 94058
94058 130670
130670 96986
96986 117408
117408 18284
18284 112359
112359 113403
113403 71072
71072 11854
11854 90093
90093 55787
55787 23339
23339 17750
17750 66969
66969 56312
56312 67964
67964 9816
9816 47934
47934 11189
11189 33568
33568 100789
100789 47450
47450 101120
101120 75585
75585 2246
2246 59839
59839 105617
105617 64617
64617 118534
118534 113994
113994 121307
121307 87557
87557 102369
102369 50679
50679 113443
113443 74472
74472 38712
38712 13745
13745 119757
119757 86878
86878 44654
44654 125602
125602 59419
59419 69917
69917 44750
44750 2691
2691 97664
97664 43967
43967 67207
67207 76542
76542 83591
83591 27401
27401 100878
100878 55015
55015 88790
88790 76103
76103 46276
46276 1330
1330 113050
113050 41067
41067 82849
82849 95402
95402 113839
113839 108132
108132 16250
16250 70540
70540 97705
