6 1734
102 29478
1734 107913
29478 130598
107913 123030
130598 125445
123030 35429
125445 78009
35429 15443
78009 389
15443 6613
389 112421
6613 76163
112421 115132
76163 122250
115132 112185
122250 72151
112185 46928
72151 11350
46928 61879
11350 3375
61879 57375
3375 57878
57375 66429
57878 80725
66429 61615
80725 129958
61615 112150
129958 71556
112150 36813
71556 101537
36813 22206
101537 115360
22206 126126
115360 47006
126126 12676
47006 84421
12676 124447
84421 18463
124447 51729
18463 92967
51729 7587
92967 128979
7587 95507
128979 50767
95507 76613
50767 122782
76613 121229
122782 94828
121229 39224
94828 11453
39224 63630
11453 33142
63630 39130
33142 9855
39130 36464
9855 95604
36464 52416
95604 104646
52416 75059
104646 96364
75059 65336
96364 62144
65336 7880
62144 2889
7880 49113
2889 48495
49113 37989
48495 121529
37989 99928
121529 125924
99928 43572
125924 85369
43572 9492
85369 30293
9492 121768
30293 103991
121768 63924
103991 38140
63924 124096
38140 12496
124096 81361
12496 72427
81361 51620
72427 91114
51620 107157
91114 117746
107157 35617
117746 81205
35617 69775
81205 6536
69775 111112
6536 53910
111112 130044
53910 113612
130044 96410
113612 66118
96410 75438
66118 102807
75438 43796
102807 89177
43796 74228
89177 82237
74228 87319
82237 42642
87319 69559
42642 2864
69559 48688
2864 41270
48688 46235
41270 130640
46235 123744
130640 6512
123744 110704
6512 46974
110704 12132
46974 75173
12132 98302
75173 98282
98302 97942
98282 92162
97942 124973
92162 27405
124973 72672
27405 55785
72672 30848
55785 132
30848 2244
132 38148
2244 124232
38148 14808
124232 120665
14808 85240
120665 7299
85240 124083
7299 12275
124083 77604
12275 8558
77604 14415
8558 113984
14415 102734
113984 42555
102734 68080
42555 108792
68080 14470
108792 114919
14470 118629
114919 50628
118629 74250
50628 82611
74250 93677
82611 19657
93677 72027
19657 44820
72027 106585
44820 108022
106585 1380
108022 23460
1380 5607
23460 95319
5607 47571
95319 22281
47571 116635
22281 16730
116635 22268
16730 116414
22268 12973
116414 89470
12973 79209
89470 35843
79209 85047
35843 4018
85047 68306
4018 112634
68306 79784
112634 45618
79784 120151
45618 76502
120151 120895
76502 89150
120895 73769
89150 74434
73769 85739
74434 15782
85739 6152
15782 104584
6152 74005
104584 78446
74005 22872
78446 126682
22872 56458
126682 42289
56458 63558
42289 31918
63558 18322
31918 49332
18322 52218
49332 101280
52218 17837
101280 41087
17837 43124
41087 77753
43124 11091
77753 57476
11091 59595
57476 95618
59595 52654
95618 108692
52654 12770
108692 86019
12770 20542
86019 87072
20542 38443
87072 129247
38443 100063
129247 128219
100063 82587
128219 93269
82587 12721
93269 85186
12721 6381
85186 108477
6381 9115
108477 23884
9115 12815
23884 86784
12815 33547
86784 46015
33547 126900
46015 60164
126900 105291
60164 86024
105291 20627
86024 88517
20627 63008
88517 22568
63008 121514
22568 99673
121514 121589
99673 100948
121589 12193
100948 76210
12193 115931
76210 4762
115931 80954
4762 65508
80954 65068
65508 57588
65068 61499
57588 127986
61499 78626
127986 25932
78626 47631
25932 23301
47631 2904
23301 49368
2904 52830
49368 111684
52830 63634
111684 33210
63634 40286
33210 29507
40286 108406
29507 7908
108406 3365
7908 57205
3365 54988
57205 17299
54988 31941
17299 18713
31941 55979
18713 34146
55979 56198
34146 37869
56198 119489
37869 65248
119489 60648
65248 113519
60648 94829
113519 39241
94829 11742
39241 68543
11742 116663
68543 17206
116663 30360
17206 122907
30360 123354
122907 130953
123354 129065
130953 96969
129065 75621
96969 105918
75621 96683
105918 70759
96683 23264
70759 2275
23264 38675
2275 2120
38675 36040
2120 88396
36040 60951
88396 118670
60951 51325
118670 86099
51325 21902
86099 110192
21902 38270
110192 126306
38270 50066
126306 64696
50066 51264
64696 85062
51264 4273
85062 72641
4273 55258
72641 21889
55258 109971
21889 34513
109971 62437
34513 12861
62437 87566
12861 46841
87566 9871
46841 36736
9871 100228
36736 131024
100228 130272
131024 117488
130272 31231
117488 6643
31231 112931
6643 84833
112931 380
84833 6460
380 109820
6460 31946
109820 18798
31946 57424
18798 58711
57424 80590
58711 59320
80590 90943
59320 104250
90943 68327
104250 112991
68327 85853
112991 17720
85853 39098
17720 9311
39098 27216
9311 69459
27216 1164
69459 19788
1164 74254
19788 82679
74254 94833
82679 39309
94833 12898
39309 88195
12898 57534
88195 60581
57534 112380
60581 75466
112380 103283
75466 51888
103283 95670
51888 53538
95670 123720
53538 6104
123720 103768
6104 60133
103768 104764
60133 77065
104764 130466
77065 120786
130466 87297
120786 42268
87297 63201
42268 25849
63201 46220
25849 130385
46220 119409
130385 63888
119409 37528
63888 113692
37528 97770
113692 89238
97770 75265
89238 99866
75265 124870
99866 25654
124870 42905
25654 74030
42905 78871
74030 30097
78871 118436
30097 47347
118436 18473
47347 51899
18473 95857
51899 56717
95857 46692
56717 7338
46692 124746
7338 23546
124746 7069
23546 120173
7069 76876
120173 127253
76876 66165
127253 76237
66165 116390
76237 12565
116390 82534
12565 92368
82534 128475
92368 86939
128475 36182
86939 90810
36182 101989
90810 29890
101989 114917
29890 118595
114917 50050
118595 64424
50050 46640
64424 6454
46640 109718
6454 30212
109718 120391
30212 80582
120391 59184
80582 88631
59184 64946
88631 55514
64946 26241
55514 52884
26241 112602
52884 79240
112602 36370
79240 94006
36370 25250
94006 36037
25250 88345
36037 60084
88345 103931
60084 62904
103931 20800
62904 91458
20800 113005
91458 86091
113005 21766
86091 107880
21766 130037
107880 113493
130037 94387
113493 31727
94387 15075
31727 125204
15075 31332
125204 8360
31332 11049
8360 56762
11049 47457
56762 20343
47457 83689
20343 112003
83689 69057
112003 125401
69057 34681
125401 65293
34681 61413
65293 126524
61413 53772
126524 127698
53772 73730
127698 73771
73730 74468
73771 86317
74468 25608
86317 42123
25608 60736
42123 115015
60736 120261
115015 78372
120261 21614
78372 105296
21614 86109
105296 22072
86109 113082
22072 87400
113082 44019
87400 92968
44019 7604
92968 129268
7604 100420
129268 3217
100420 54689
3217 12216
54689 76601
12216 122578
76601 117761
122578 35872
117761 85540
35872 12399
85540 79712
12399 44394
79712 99343
44394 115979
99343 5578
115979 94826
5578 39190
94826 10875
39190 53804
10875 128242
53804 82978
128242 99916
82978 125720
99916 40104
125720 26413
40104 55808
26413 31239
55808 6779
31239 115243
6779 124137
115243 13193
124137 93210
13193 11718
93210 68135
11718 109727
68135 30365
109727 122992
30365 124799
122992 24447
124799 22386
24447 118420
22386 47075
118420 13849
47075 104362
13849 70231
104362 14288
70231 111825
14288 66031
111825 73959
66031 77664
73959 9578
77664 31755
9578 15551
31755 2225
15551 37825
2225 118741
37825 52532
118741 106618
52532 108583
106618 10917
108583 54518
10917 9309
54518 27182
9309 68881
27182 122409
68881 114888
122409 118102
114888 41669
118102 53018
41669 114880
53018 117966
114880 39357
117966 13714
39357 102067
13714 31216
102067 6388
31216 108596
6388 11138
108596 58275
11138 73178
58275 64387
73178 46011
64387 126832
46011 59008
126832 85639
59008 14082
85639 108323
14082 6497
108323 110449
6497 42639
110449 69508
42639 1997
69508 33949
1997 52849
33949 112007
52849 69125
112007 126557
69125 54333
126557 6164
54333 104788
6164 77473
104788 6331
77473 107627
6331 125736
107627 40376
125736 31037
40376 3345
31037 56865
3345 49208
56865 50110
49208 65444
50110 63980
65444 39092
63980 9209
39092 25482
9209 39981
25482 24322
39981 20261
24322 82295
20261 88305
82295 59404
88305 92371
59404 128526
92371 87806
128526 50921
87806 79231
50921 36217
79231 91405
36217 112104
91405 70774
112104 23519
70774 6610
23519 112370
6610 75296
112370 100393
75296 2758
100393 46886
2758 10636
46886 49741
10636 59171
49741 88410
59171 61189
88410 122716
61189 120107
122716 75754
120107 108179
75754 4049
108179 68833
4049 121593
68833 101016
121593 13349
101016 95862
13349 56802
95862 48137
56802 31903
48137 18067
31903 44997
18067 109594
44997 28104
109594 84555
28104 126725
84555 57189
126725 54716
57189 12675
54716 84404
12675 124158
84404 13550
124158 99279
13550 114891
99279 118153
114891 42536
118153 67757
42536 103301
67757 52194
103301 100872
52194 10901
100872 54246
10901 4685
54246 79645
4685 43255
79645 79980
43255 48950
79980 45724
48950 121953
45724 107136
121953 117389
107136 29548
117389 109103
29548 19757
109103 73727
19757 73720
73727 73601
73720 71578
73601 37187
71578 107895
37187 130292
107895 117828
130292 37011
117828 104903
37011 79428
104903 39566
79428 17267
39566 31397
17267 9465
31397 29834
9465 113965
29834 102411
113965 37064
102411 105804
37064 94745
105804 37813
94745 118537
37813 49064
118537 47662
49064 23828
47662 11863
23828 70600
11863 20561
70600 87395
20561 43934
87395 91523
43934 114110
91523 104876
114110 78969
104876 31763
78969 15687
31763 4537
15687 77129
4537 483
77129 8211
483 8516
8211 13701
8516 101846
13701 27459
101846 73590
27459 71391
73590 34008
71391 53852
34008 129058
53852 96850
129058 73598
96850 71527
73598 36320
71527 93156
36320 10800
93156 52529
10800 106567
52529 107716
106567 127249
107716 66097
127249 75081
66097 96738
75081 71694
96738 39159
71694 10348
39159 44845
10348 107010
44845 115247
107010 124205
115247 14349
124205 112862
14349 83660
112862 111510
83660 60676
111510 113995
60676 102921
113995 45734
102921 122123
45734 110026
122123 35448
110026 78332
35448 20934
78332 93736
20934 20660
93736 89078
20660 72545
89078 53626
72545 125216
53626 31536
125216 11828
31536 70005
11828 10446
70005 46511
10446 4261
46511 72437
4261 51790
72437 94004
51790 25216
94004 35459
25216 78519
35459 24113
78519 16708
24113 21894
16708 110056
21894 35958
110056 87002
35958 37253
87002 109017
37253 18295
109017 48873
18295 44415
48873 99700
44415 122048
99700 108751
122048 13773
108751 103070
13773 48267
103070 34113
48267 55637
34113 28332
55637 88431
28332 61546
88431 128785
61546 92209
128785 125772
92209 40988
125772 41441
40988 49142
41441 48988
49142 46370
48988 1864
46370 31688
1864 14412
31688 113933
14412 101867
113933 27816
101867 79659
27816 43493
79659 84026
43493 117732
84026 35379
117732 77159
35379 993
77159 16881
993 24835
16881 28982
24835 99481
28982 118325
99481 45460
118325 117465
45460 30840
117465 131067
30840 131003
131067 129915
131003 111419
129915 59129
111419 87696
59129 49051
87696 47441
49051 20071
47441 79065
20071 33395
79065 43431
33395 82972
43431 99814
82972 123986
99814 10626
123986 49571
10626 56281
49571 39280
56281 12405
39280 79814
12405 46128
79814 128821
46128 92821
128821 5105
92821 86785
5105 33564
86785 46304
33564 742
46304 12614
742 83367
12614 106529
83367 107070
106529 116267
107070 10474
116267 46987
10474 12353
46987 78930
12353 31100
78930 4416
31100 75072
4416 96585
75072 69093
96585 126013
69093 45085
126013 111090
45085 53536
111090 123686
53536 5526
123686 93942
5526 24162
93942 17541
24162 36055
17541 88651
36055 65286
88651 61294
65286 124501
61294 19381
124501 67335
19381 96127
67335 61307
96127 124722
61307 23138
124722 133
23138 2261
133 38437
2261 129145
38437 98329
129145 98741
98329 105745
98741 93742
105745 20762
93742 90812
20762 102023
90812 30468
102023 124743
30468 23495
124743 6202
23495 105434
6202 88455
105434 61954
88455 4650
61954 79050
4650 33140
79050 39096
33140 9277
39096 26638
9277 59633
26638 96264
59633 63636
96264 33244
63636 40864
33244 39333
40864 13306
39333 95131
13306 44375
95131 99020
44375 110488
99020 43302
110488 80779
43302 62533
80779 14493
62533 115310
14493 125276
115310 32556
125276 29168
32556 102643
29168 41008
102643 41781
41008 54922
41781 16177
54922 12867
16177 87668
12867 48575
87668 39349
48575 13578
39349 99755
13578 122983
99755 124646
122983 21846
124646 109240
21846 22086
109240 113320
22086 91446
113320 112801
91446 82623
112801 93881
82623 23125
93881 130983
23125 129575
130983 105639
129575 91940
105639 121199
91940 94318
121199 30554
94318 126205
30554 48349
126205 35507
48349 79335
35507 37985
79335 121461
37985 98772
121461 106272
98772 102701
106272 41994
102701 58543
41994 77734
58543 10768
77734 51985
10768 97319
51985 81571
97319 75997
81571 112310
75997 74276
112310 83053
74276 101191
83053 16324
101191 15366
16324 130151
15366 115431
130151 127333
115431 67525
127333 99357
67525 116217
99357 9624
116217 32537
9624 28845
32537 97152
28845 78732
97152 27734
78732 78265
27734 19795
78265 74373
19795 84702
74373 129224
84702 99672
129224 121572
99672 100659
121572 7280
100659 123760
7280 6784
123760 115328
6784 125582
115328 37758
125582 117602
37758 33169
117602 39589
33169 17658
39589 38044
17658 122464
38044 115823
122464 2926
115823 49742
2926 59188
49742 88699
59188 66102
88699 75166
66102 98183
75166 96259
98183 63551
96259 31799
63551 16299
31799 14941
16299 122926
14941 123677
122926 5373
123677 91341
5373 111016
91341 52278
111016 102300
52278 35177
102300 73725
35177 73686
73725 73023
73686 61752
73023 1216
61752 20672
1216 89282
20672 76013
89282 112582
76013 78900
112582 30590
78900 126817
30590 58753
126817 81304
58753 71458
81304 35147
71458 73215
35147 65016
73215 56704
65016 46471
56704 3581
46471 60877
3581 117412
60877 29939
117412 115750
29939 1685
115750 28645
1685 93752
28645 20932
93752 93702
20932 20082
93702 79252
20082 36574
79252 97474
36574 84206
97474 120792
84206 87399
120792 44002
87399 92679
44002 2691
92679 45747
2691 122344
45747 113783
122344 99317
113783 115537
99317 129135
115537 98159
129135 95851
98159 56615
95851 44958
56615 108931
44958 16833
108931 24019
16833 15110
24019 125799
15110 41447
125799 49244
41447 50722
49244 75848
50722 109777
75848 31215
109777 6371
31215 108307
6371 6225
108307 105825
6225 95102
105825 43882
95102 90639
43882 99082
90639 111542
99082 61220
111542 123243
61220 129066
123243 96986
129066 75910
96986 110831
75910 49133
110831 48835
49133 43769
48835 88718
43769 66425
88718 80657
66425 60459
80657 110306
60459 40208
110306 28181
40208 85864
28181 17907
85864 42277
17907 63354
42277 28450
63354 90437
28450 95648
90437 53164
95648 117362
53164 29089
117362 101300
29089 18177
101300 46867
18177 10313
46867 44250
10313 96895
44250 74363
96895 84532
74363 126334
84532 50542
126334 72788
50542 57757
72788 64372
57757 45756
64372 122497
45756 116384
122497 12463
116384 80800
12463 62890
80800 20562
62890 87412
20562 44223
87412 96436
44223 66560
96436 82952
66560 99474
82952 118206
99474 43437
118206 83074
43437 101548
83074 22393
101548 118539
22393 49098
118539 48240
49098 33654
48240 47834
33654 26752
47834 61571
26752 129210
61571 99434
129210 117526
99434 31877
117526 17625
31877 37483
17625 112927
37483 84765
112927 130295
84765 117879
130295 37878
117879 119642
37878 67849
119642 104865
67849 78782
104865 28584
78782 92715
28584 3303
92715 56151
3303 37070
56151 105906
37070 96479
105906 67291
96479 95379
67291 48591
95379 39621
48591 18202
39621 47292
18202 17538
47292 36004
17538 87784
36004 50547
87784 72873
50547 59202
72873 88937
59202 70148
88937 12877
70148 87838
12877 51465
87838 88479
51465 62362
88479 11586
62362 65891
11586 71579
65891 37204
71579 108184
37204 4134
108184 70278
4134 15087
70278 125408
15087 34800
125408 67316
34800 95804
67316 55816
95804 31375
55816 9091
31375 23476
9091 5879
23476 99943
5879 126179
99943 47907
126179 27993
47907 82668
27993 94646
82668 36130
94646 89926
36130 86961
89926 36556
86961 97168
36556 79004
97168 32358
79004 25802
32358 45421
25802 116802
45421 19569
116802 70531
19569 19388
70531 67454
19388 98150
67454 95698
98150 54014
95698 741
54014 12597
741 83078
12597 101616
83078 23549
101616 7120
23549 121040
7120 91615
121040 115674
91615 393
115674 6681
393 113577
6681 95815
113577 56003
95815 34554
56003 63134
34554 24710
63134 26857
24710 63356
26857 28484
63356 91015
28484 105474
91015 89135
105474 73514
89135 70099
73514 12044
70099 73677
12044 72870
73677 59151
72870 88070
59151 55409
88070 24456
55409 22539
24456 121021
22539 91292
121021 110183
91292 38117
110183 123705
38117 5849
123705 99433
5849 117509
99433 31588
117509 12712
31588 85033
12712 3780
85033 64260
3780 43852
64260 90129
43852 90412
90129 95223
90412 45939
95223 125608
45939 38200
125608 125116
38200 29836
125116 113999
29836 102989
113999 46890
102989 10704
46890 50897
10704 78823
50897 29281
78823 104564
29281 73665
104564 72666
73665 55683
72666 29114
55683 101725
29114 25402
101725 38621
25402 1202
38621 20434
1202 85236
20434 7231
85236 122927
7231 123694
122927 5662
123694 96254
5662 63466
96254 30354
63466 122805
30354 121620
122805 101475
121620 21152
101475 97442
21152 83662
97442 111544
83662 61254
111544 123821
61254 7821
123821 1886
7821 32062
1886 20770
32062 90948
20770 104335
90948 69772
104335 6485
69772 110245
6485 39171
110245 10552
39171 48313
10552 34895
48313 68931
34895 123259
68931 129338
123259 101610
129338 23447
101610 5386
23447 91562
5386 114773
91562 116147
114773 8434
116147 12307
8434 78148
12307 17806
78148 40560
17806 34165
40560 56521
34165 43360
56521 81765
43360 79295
81765 37305
79295 109901
37305 33323
109901 42207
33323 62164
42207 8220
62164 8669
8220 16302
8669 14992
16302 123793
14992 7345
123793 124865
7345 25569
124865 41460
25569 49465
41460 54479
49465 8646
54479 15911
8646 8345
15911 10794
8345 52427
10794 104833
52427 78238
104833 19336
78238 66570
19336 83122
66570 102364
83122 36265
102364 92221
36265 125976
92221 44456
125976 100397
44456 2826
100397 48042
2826 30288
48042 121683
30288 102546
121683 39359
102546 13748
39359 102645
13748 41042
102645 42359
41042 64748
42359 52148
64748 100090
52148 128678
100090 90390
128678 94849
90390 39581
94849 17522
39581 35732
17522 83160
35732 103010
83160 47247
103010 16773
47247 22999
16773 128841
22999 93161
128841 10885
93161 53974
10885 61
53974 1037
61 17629
1037 37551
17629 114083
37551 104417
114083 71166
104417 30183
71166 119898
30183 72201
119898 47778
72201 25800
47778 45387
25800 116224
45387 9743
116224 34560
9743 63236
34560 26444
63236 56335
26444 40198
56335 28011
40198 82974
28011 99848
82974 124564
99848 20452
124564 85542
20452 12433
85542 80290
12433 54220
80290 4243
54220 72131
4243 46588
72131 5570
46588 94690
5570 36878
94690 102642
36878 40991
102642 41492
40991 50009
41492 63727
50009 34791
63727 67163
34791 93203
67163 11599
93203 66112
11599 75336
66112 101073
75336 14318
101073 112335
14318 74701
112335 90278
74701 92945
90278 7213
92945 122621
7213 118492
122621 48299
118492 34657
48299 64885
34657 54477
64885 8612
54477 15333
8612 129590
15333 105894
129590 96275
105894 63823
96275 36423
63823 94907
36423 40567
94907 34284
40567 58544
34284 77751
58544 11057
77751 56898
11057 49769
56898 59647
49769 96502
59647 67682
96502 102026
67682 30519
102026 125610
30519 38234
125610 125694
38234 39662
125694 18899
39662 59141
18899 87900
59141 52519
87900 106397
52519 104826
106397 78119
104826 17313
78119 32179
17313 22759
32179 124761
22759 23801
124761 11404
23801 62797
11404 18981
62797 60535
18981 111598
60535 62172
111598 8356
62172 10981
8356 55606
10981 27805
55606 79472
27805 40314
79472 29983
40314 116498
29983 14401
116498 113746
14401 98688
113746 104844
98688 78425
104844 22515
78425 120613
22515 84356
120613 123342
84356 130749
123342 125597
130749 38013
125597 121937
38013 106864
121937 112765
106864 82011
112765 83477
82011 108399
83477 7789
108399 1342
7789 22814
1342 125696
22814 39696
125696 19477
39696 68967
19477 123871
68967 8671
123871 16336
8671 15570
16336 2548
15570 43316
2548 81017
43316 66579
81017 83275
66579 104965
83275 80482
104965 57484
80482 59731
57484 97930
59731 91958
97930 121505
91958 99520
121505 118988
99520 56731
118988 46930
56731 11384
46930 62457
11384 13201
62457 93346
13201 14030
93346 107439
14030 122540
107439 117115
122540 24890
117115 29917
24890 115376
29917 126398
115376 51630
126398 91284
51630 110047
91284 35805
110047 84401
35805 124107
84401 12683
124107 84540
12683 126470
84540 52854
126470 112092
52854 70570
112092 20051
70570 78725
20051 27615
78725 76242
27615 116475
76242 14010
116475 107099
14010 116760
107099 18855
116760 58393
18855 75184
58393 98489
75184 101461
98489 20914
101461 93396
20914 14880
93396 121889
14880 106048
121889 98893
106048 108329
98893 6599
108329 112183
6599 72117
112183 46350
72117 1524
46350 25908
1524 47223
25908 16365
47223 16063
16365 10929
16063 54722
10929 12777
54722 86138
12777 22565
86138 121463
22565 98806
121463 106850
98806 112527
106850 77965
112527 14695
77965 118744
14695 52583
118744 107485
52583 123322
107485 130409
123322 119817
130409 70824
119817 24369
70824 21060
24369 95878
21060 57074
95878 52761
57074 110511
52761 43693
110511 87426
43693 44461
87426 100482
44461 4271
100482 72607
4271 54680
72607 12063
54680 74000
12063 78361
74000 21427
78361 102117
21427 32066
102117 20838
32066 92104
20838 123987
92104 10643
123987 49860
10643 61194
49860 122801
61194 121552
122801 100319
121552 1500
100319 25500
1500 40287
25500 29524
40287 108695
29524 12821
108695 86886
12821 35281
86886 75493
35281 103742
75493 59691
103742 97250
59691 80398
97250 56056
80398 35455
56056 78451
35455 22957
78451 128127
22957 81023
128127 66681
81023 85009
66681 3372
85009 57324
3372 57011
57324 51690
57011 92304
51690 127387
92304 68443
127387 114963
68443 119377
114963 63344
119377 28280
63344 87547
28280 46518
87547 4380
46518 74460
4380 86181
74460 23296
86181 2819
23296 47923
2819 28265
47923 87292
28265 42183
87292 61756
42183 1284
61756 21828
1284 108934
21828 16884
108934 24886
16884 29849
24886 114220
29849 106746
114220 110759
106746 47909
110759 28027
47909 83246
28027 104472
83246 72101
104472 46078
72101 127971
46078 78371
127971 21597
78371 105007
21597 81196
105007 69622
81196 3935
69622 66895
3935 88647
66895 65218
88647 60138
65218 104849
60138 78510
104849 23960
78510 14107
23960 108748
14107 13722
108748 102203
13722 33528
102203 45692
33528 121409
45692 97888
121409 91244
97888 109367
91244 24245
109367 18952
24245 60042
18952 103217
60042 50766
103217 76596
50766 122493
76596 116316
122493 11307
116316 61148
11307 122019
61148 108258
122019 5392
108258 91664
5392 116507
91664 14554
116507 116347
14554 11834
116347 70107
11834 12180
70107 75989
12180 112174
75989 71964
112174 43749
71964 88378
43749 60645
88378 113468
60645 93962
113468 24502
93962 23321
24502 3244
23321 55148
3244 20019
55148 78181
20019 18367
78181 50097
18367 65223
50097 60223
65223 106294
60223 103075
106294 48352
103075 35558
48352 80202
35558 52724
80202 109882
52724 33000
109882 36716
33000 99888
36716 125244
99888 32012
125244 19920
32012 76498
19920 120827
76498 87994
120827 54117
87994 2492
54117 42364
2492 64833
42364 53593
64833 124655
53593 21999
124655 111841
21999 66303
111841 78583
66303 25201
78583 35204
25201 74184
35204 81489
74184 74603
81489 88612
74603 64623
88612 50023
64623 63965
50023 38837
63965 4874
38837 82858
4874 97876
82858 91040
97876 105899
91040 96360
105899 65268
96360 60988
65268 119299
60988 62018
119299 5738
62018 97546
5738 85430
97546 10529
85430 47922
10529 28248
47922 87003
28248 37270
87003 109306
37270 23208
109306 1323
23208 22491
1323 120205
22491 77420
120205 5430
77420 92310
5430 127489
92310 70177
127489 13370
70177 96219
13370 62871
96219 20239
62871 81921
20239 81947
81921 82389
81947 89903
82389 86570
89903 29909
86570 115240
29909 124086
115240 12326
124086 78471
12326 23297
78471 2836
23297 48212
2836 33178
48212 39742
33178 20259
39742 82261
20259 87727
82261 49578
87727 56400
49578 41303
56400 46796
41303 9106
46796 23731
9106 10214
23731 42567
10214 68284
42567 112260
68284 73426
112260 68603
73426 117683
68603 34546
117683 62998
34546 22398
62998 118624
22398 50543
118624 72805
50543 58046
72805 69285
58046 129277
69285 100573
129277 5818
100573 98906
5818 108550
98906 10356
108550 44981
10356 109322
44981 23480
109322 5947
23480 101099
5947 14760
101099 119849
14760 71368
119849 33617
71368 47205
33617 16059
47205 10861
16059 53566
10861 124196
53566 14196
124196 110261
14196 39443
110261 15176
39443 126921
15176 60521
126921 111360
60521 58126
111360 70645
58126 21326
70645 100400
21326 2877
100400 48909
2877 45027
48909 110104
45027 36774
110104 100874
36774 10935
100874 54824
10935 14511
54824 115616
14511 130478
115616 120990
130478 90765
120990 101224
90765 16885
101224 24903
16885 30138
24903 119133
30138 59196
119133 88835
59196 68414
88835 114470
68414 110996
114470 51938
110996 96520
51938 67988
96520 107228
67988 118953
107228 56136
118953 36815
56136 101571
36815 22784
101571 125186
22784 31026
125186 3158
31026 53686
3158 126236
53686 48876
126236 44466
48876 100567
44466 5716
100567 97172
5716 79072
97172 33514
79072 45454
33514 117363
45454 29106
117363 101589
29106 23090
101589 130388
23090 119460
130388 64755
119460 52267
64755 102113
52267 31998
102113 19682
31998 72452
19682 52045
72452 98339
52045 98911
98339 108635
98911 11801
108635 69546
11801 2643
69546 44931
2643 108472
44931 9030
108472 22439
9030 119321
22439 62392
119321 12096
62392 74561
12096 87898
74561 52485
87898 105819
52485 95000
105819 42148
95000 61161
42148 122240
61161 112015
122240 69261
112015 128869
69261 93637
128869 18977
93637 60467
18977 110442
60467 42520
110442 67485
42520 98677
67485 104657
98677 75246
104657 99543
75246 119379
99543 63378
119379 28858
63378 97373
28858 82489
97373 91603
82489 115470
91603 127996
115470 78796
127996 28822
78796 96761
28822 72085
96761 45806
72085 123347
45806 130834
123347 127042
130834 62578
127042 15258
62578 128315
15258 84219
128315 121013
84219 91156
121013 107871
91156 129884
107871 110892
129884 50170
110892 66464
50170 81320
66464 71730
81320 39771
71730 20752
39771 90642
20752 99133
90642 112409
99133 75959
112409 111664
75959 63294
111664 27430
63294 73097
27430 63010
73097 22602
63010 122092
22602 109499
122092 26489
109499 57100
26489 53203
57100 118025
53203 40360
118025 30765
40360 129792
30765 109328
129792 23582
109328 7681
23582 130577
7681 122673
130577 119376
122673 63327
119376 27991
63327 82634
27991 94068
82634 26304
94068 53955
26304 130809
53955 126617
130809 55353
126617 23504
55353 6355
23504 108035
6355 1601
108035 27217
1601 69476
27217 1453
69476 24701
1453 26704
24701 60755
26704 115338
60755 125752
115338 40648
125752 35661
40648 81953
35661 82491
81953 91637
82491 116048
91637 6751
116048 114767
6751 116045
114767 6700
116045 113900
6700 101306
113900 18279
101306 48601
18279 39791
48601 21092
39791 96422
21092 66322
96422 78906
66322 30692
78906 128551
30692 88231
128551 58146
88231 70985
58146 27106
70985 67589
27106 100445
67589 3642
100445 61914
3642 3970
61914 67490
3970 98762
67490 106102
98762 99811
106102 123935
99811 9759
123935 34832
9759 67860
34832 105052
67860 81961
105052 82627
81961 93949
82627 24281
93949 19564
24281 70446
19564 17943
70446 42889
17943 73758
42889 74247
73758 82560
74247 92810
82560 4918
92810 83606
4918 110592
83606 45070
110592 110835
45070 49201
110835 49991
49201 63421
49991 29589
63421 109800
29589 31606
109800 13018
31606 90235
13018 92214
90235 125857
92214 42433
125857 66006
42433 73534
66006 70439
73534 17824
70439 40866
17824 39367
40866 13884
39367 104957
13884 80346
104957 55172
80346 20427
55172 85117
20427 5208
85117 88536
5208 63331
88536 28059
63331 83790
28059 113720
83790 98246
113720 97330
98246 81758
97330 79176
81758 35282
79176 75510
35282 104031
75510 64604
104031 49700
64604 58474
49700 76561
58474 121898
76561 106201
121898 101494
106201 21475
101494 102933
21475 45938
102933 125591
45938 37911
125591 120203
37911 77386
120203 4852
77386 82484
4852 91518
82484 114025
91518 103431
114025 54404
103431 7371
54404 125307
7371 33083
125307 38127
33083 123875
38127 8739
123875 17492
8739 35222
17492 74490
35222 86691
74490 31966
86691 19138
31966 63204
19138 25900
63204 47087
25900 14053
47087 107830
14053 129187
107830 99043
129187 110879
99043 49949
110879 62707
49949 17451
62707 34525
17451 62641
34525 16329
62641 15451
16329 525
15451 8925
525 20654
8925 88976
20654 70811
88976 24148
70811 17303
24148 32009
17303 19869
32009 75631
19869 106088
75631 99573
106088 119889
99573 72048
119889 45177
72048 112654
45177 80124
112654 51398
80124 87340
51398 42999
87340 75628
42999 106037
75628 98706
106037 105150
98706 83627
105150 110949
83627 51139
110949 82937
51139 99219
82937 113871
99219 100813
113871 9898
100813 37195
9898 108031
37195 1533
108031 26061
1533 49824
26061 60582
49824 112397
60582 75755
112397 108196
75755 4338
108196 73746
4338 74043
73746 79092
74043 33854
79092 51234
33854 84552
51234 126674
84552 56322
126674 39977
56322 24254
39977 19105
24254 62643
19105 16363
62643 16029
16363 10351
16029 44896
10351 107877
44896 129986
107877 112626
129986 79648
112626 43306
79648 80847
43306 63689
80847 34145
63689 56181
34145 37580
56181 114576
37580 112798
114576 82572
112798 93014
82572 8386
93014 11491
8386 64276
11491 44124
64276 94753
44124 37949
94753 120849
37949 88368
120849 60475
88368 110578
60475 44832
110578 106789
44832 111490
106789 60336
111490 108215
60336 4661
108215 79237
4661 36319
79237 93139
36319 10511
93139 47616
10511 23046
47616 129640
23046 106744
129640 110725
106744 47331
110725 18201
47331 47275
18201 17249
47275 31091
17249 4263
31091 72471
4263 52368
72471 103830
52368 61187
103830 122682
61187 119529
122682 65928
119529 72208
65928 47897
72208 27823
47897 79778
27823 45516
79778 118417
45516 47024
118417 12982
47024 89623
12982 81810
89623 80060
81810 50310
80060 68844
50310 121780
68844 104195
121780 67392
104195 97096
67392 77780
97096 11550
77780 65279
11550 61175
65279 122478
61175 116061
122478 6972
116061 118524
6972 48843
118524 43905
48843 91030
43905 105729
91030 93470
105729 16138
93470 12204
16138 76397
12204 119110
76397 58805
119110 82188
58805 86486
82188 28481
86486 90964
28481 104607
90964 74396
104607 85093
74396 4800
85093 81600
4800 76490
81600 120691
76490 85682
120691 14813
85682 120750
14813 86685
120750 31864
86685 17404
31864 33726
17404 49058
33726 47560
49058 22094
47560 113456
22094 93758
113456 21034
93758 95436
21034 49560
95436 56094
49560 36101
56094 89433
36101 78580
89433 25150
78580 34337
25150 59445
34337 93068
59445 9304
93068 27097
9304 67436
27097 97844
67436 90496
97844 96651
90496 70215
96651 14016
70215 107201
14016 118494
107201 48333
118494 35235
48333 74711
35235 90448
74711 95835
90448 56343
95835 40334
56343 30323
40334 122278
30323 112661
122278 80243
112661 53421
80243 121731
53421 103362
121731 53231
103362 118501
53231 48452
118501 37258
48452 109102
37258 19740
109102 73438
19740 68807
73438 121151
68807 93502
121151 16682
93502 21452
16682 102542
21452 39291
102542 12592
39291 82993
12592 100171
82993 130055
100171 113799
130055 99589
113799 120161
99589 76672
120161 123785
76672 7209
123785 122553
7209 117336
122553 28647
117336 93786
28647 21510
93786 103528
21510 56053
103528 35404
56053 77584
