6 43350
510 14762
43350 75131
14762 94727
75131 56464
94727 80884
56464 59448
80884 72382
59448 123204
72382 117731
123204 45739
117731 86756
45739 34284
86756 30578
34284 108781
30578 71415
108781 41009
71415 77919
41009 69565
77919 14830
69565 80911
14830 61743
80911 5315
61743 58562
5315 128143
58562 13262
128143 78702
13262 5049
78702 35952
5049 41287
35952 101549
41287 112050
101549 87138
112050 66754
87138 38037
66754 87441
38037 92509
87441 130076
92509 46496
130076 20030
46496 129698
20030 14366
129698 41471
14366 117189
41471 130740
117189 102936
130740 98874
102936 15746
98874 27700
15746 126293
27700 118154
126293 81694
118154 128298
81694 26437
128298 18938
26437 36878
18938 119997
36878 107278
119997 74731
107278 60727
74731 50026
60727 57938
50026 75103
57938 92347
75103 116306
92347 55685
116306 14669
55685 67226
14669 78157
67226 89795
78157 30457
89795 98496
30457 114687
98496 49141
114687 113784
49141 103457
113784 12088
103457 109983
12088 42514
109983 74773
42514 64297
74773 91334
64297 30201
91334 76736
30201 100081
76736 118341
100081 97589
118341 37592
97589 49616
37592 23088
49616 127486
23088 88488
127486 50433
88488 92533
50433 1045
92533 88825
1045 79078
88825 37009
79078 61
37009 5185
61 47512
5185 106390
47512 130322
106390 67406
130322 93457
67406 79585
93457 80104
79585 124219
80104 72935
124219 39138
72935 49955
39138 51903
49955 86412
51903 5044
86412 35527
5044 5162
35527 45557
5162 71286
45557 30044
71286 63391
30044 14324
63391 37901
14324 75881
37901 27406
75881 101303
27406 91140
101303 13711
91140 116867
13711 103370
116867 4693
103370 5692
4693 90607
5692 99477
90607 67001
99477 59032
67001 37022
59032 1166
37022 99110
1166 35806
99110 28877
35806 95267
28877 102364
95267 50254
102364 77318
50254 18480
77318 129019
18480 87722
129019 116394
87722 63165
116394 126185
63165 108974
126185 87820
108974 124724
87820 115860
124724 17775
115860 69094
17775 105866
69094 85782
105866 82565
85782 71262
82565 28004
71262 21062
28004 86347
21062 130590
86347 90186
130590 63692
90186 39909
63692 115490
39909 117396
115490 17264
117396 25659
17264 83879
25659 51881
83879 84542
51881 108236
84542 25090
108236 35514
25090 4057
35514 82703
4057 82992
82703 107557
82992 98446
107557 110437
98446 81104
110437 78148
81104 89030
78148 96503
89030 76353
96503 67526
76353 103657
67526 29088
103657 113202
29088 53987
113202 1410
53987 119850
1410 94783
119850 61224
94783 92271
61224 109846
92271 30869
109846 2445
30869 76754
2445 101611
76754 117320
101611 10804
117320 843
10804 71655
843 61409
71655 107996
61409 4690
107996 5437
4690 68932
5437 92096
68932 94971
92096 77204
94971 8790
77204 91795
8790 69386
91795 130686
69386 98346
130686 101937
98346 13959
101937 6876
13959 60176
6876 3191
60176 9093
3191 117550
9093 30354
117550 89741
30354 25867
89741 101559
25867 112900
101559 28317
112900 47667
28317 119565
47667 70558
119565 99235
70558 46431
99235 14505
46431 53286
14505 72896
53286 35823
72896 30322
35823 87021
30322 56809
87021 110209
56809 61724
110209 3700
61724 52358
3700 125087
52358 15644
125087 19030
15644 44698
19030 129342
44698 115177
129342 90791
115177 115117
90791 85691
115117 74830
85691 69142
74830 109946
69142 39369
109946 69590
39369 16955
69590 130465
16955 79561
130465 78064
79561 81890
78064 13887
81890 756
13887 64260
756 88189
64260 25018
88189 29394
25018 8141
29394 36630
8141 98917
36630 19401
98917 76233
19401 57326
76233 23083
57326 127061
23083 52363
127061 125512
52363 51769
125512 75022
51769 85462
75022 55365
85462 118540
55365 114504
118540 33586
114504 102319
33586 46429
102319 14335
46429 38836
14335 24285
38836 98160
24285 86127
98160 111890
86127 73538
111890 90393
73538 81287
90393 93703
81287 100495
93703 22460
100495 74106
22460 7602
74106 121886
7602 5701
121886 91372
5701 33431
91372 89144
33431 106193
89144 113577
106193 85862
113577 89365
85862 124978
89365 6379
124978 17931
6379 82354
17931 53327
82354 76381
53327 69906
76381 43815
69906 54287
43815 26910
54287 59143
26910 46457
59143 16715
46457 110065
16715 49484
110065 11868
49484 91283
11868 25866
91283 101474
25866 105675
101474 69547
105675 13300
69547 81932
13300 17457
81932 42064
17457 36523
42064 89822
36523 32752
89822 31429
32752 50045
31429 59553
50045 81307
59553 95403
81307 113924
95403 115357
113924 106091
115357 104907
106091 4267
104907 100553
4267 27390
100553 99943
27390 106611
99943 18036
106611 91279
18036 25526
91279 72574
25526 8453
72574 63150
8453 124910
63150 599
124910 50915
599 2432
50915 75649
2432 7686
75649 129026
7686 88317
129026 35898
88317 36697
35898 104612
36697 110263
104612 66314
110263 637
66314 54145
637 14840
54145 81761
14840 2922
81761 117299
2922 9019
117299 111260
9019 19988
111260 126128
19988 104129
126128 69208
104129 115556
69208 123006
115556 100901
123006 56970
100901 123894
56970 45310
123894 50291
45310 80463
50291 23663
80463 45290
23663 48591
45290 67034
48591 61837
67034 13305
61837 82357
13305 53582
82357 98056
53582 77287
98056 15845
77287 36115
15845 55142
36115 99585
55142 76181
99585 52906
76181 40596
52906 42814
40596 100273
42814 3590
100273 43008
3590 116763
43008 94530
116763 39719
94530 99340
39719 55356
99340 117775
55356 49479
117775 11443
49479 55158
11443 100945
55158 60710
100945 48581
60710 66184
48581 120658
66184 32392
120658 829
32392 70465
829 91330
70465 29861
91330 47836
29861 2859
47836 111944
2859 78128
111944 87330
78128 83074
87330 114527
83074 35541
114527 6352
35541 15636
6352 18350
15636 117969
18350 65969
117969 102383
65969 51869
102383 83522
51869 21536
83522 126637
21536 16323
126637 76745
16323 100846
76745 52295
100846 119732
52295 84753
119732 126171
84753 107784
126171 117741
107784 46589
117741 27935
46589 15197
27935 112106
15197 91898
112106 78141
91898 88435
78141 45928
88435 102821
45928 89099
102821 102368
89099 50594
102368 106218
50594 115702
106218 4345
115702 107183
4345 66656
107183 29707
66656 34746
29707 69848
34746 38885
69848 28450
38885 58972
28450 31922
58972 91950
31922 82561
91950 70922
82561 130175
70922 54911
130175 79950
54911 111129
79950 8853
111129 97150
8853 277
97150 23545
277 35260
23545 113538
35260 82547
113538 69732
82547 29025
69732 107847
29025 123096
107847 108551
123096 51865
108551 83182
51865 123707
83182 29415
123707 9926
29415 57284
9926 19513
57284 85753
19513 80100
85753 123879
80100 44035
123879 72987
44035 43558
72987 32442
43558 5079
32442 38502
5079 126966
38502 44288
126966 94492
44288 36489
94492 86932
36489 49244
86932 122539
49244 61206
122539 90741
61206 110867
90741 117654
110867 39194
117654 54715
39194 63290
54715 5739
63290 94602
5739 45839
94602 95256
45839 101429
95256 101850
101429 6564
101850 33656
6564 108269
33656 27895
108269 11797
27895 85248
11797 37175
85248 14171
37175 24896
14171 19024
24896 44188
19024 85992
44188 100415
85992 15660
100415 20390
15660 29227
20390 125017
29227 9694
125017 37564
9694 47236
37564 82930
47236 102287
82930 43709
102287 45277
43709 47486
45277 104180
47486 73543
104180 90818
73543 117412
90818 18624
117412 10188
18624 79554
10188 77469
79554 31315
77469 40355
31315 22329
40355 62971
22329 109695
62971 18034
109695 91109
18034 11076
91109 23963
11076 70790
23963 118955
70790 18708
118955 17328
18708 31099
17328 21995
31099 34581
21995 55823
34581 26399
55823 15708
26399 24470
15708 113885
24470 112042
113885 86458
112042 8954
86458 105735
8954 74647
105735 53587
74647 98481
53587 113412
98481 71837
113412 76879
71837 112236
76879 102948
112236 99894
102948 102446
99894 57224
102446 14413
57224 45466
14413 63551
45466 27924
63551 14262
27924 32631
14262 21144
32631 93317
21144 67685
93317 117172
67685 129295
117172 111182
129295 13358
111182 86862
13358 43294
86862 10002
43294 63744
10002 44329
63744 97977
44329 70572
97977 100425
70572 16510
100425 92640
16510 10140
92640 75474
10140 123882
75474 44290
123882 94662
44290 50939
94662 4472
50939 117978
4472 66734
117978 36337
66734 74012
36337 130683
74012 98091
130683 80262
98091 6578
80262 34846
6578 78348
34846 106030
78348 99722
106030 87826
99722 125234
87826 28139
125234 32537
28139 13154
32537 69522
13154 11175
69522 32378
11175 130710
32378 100386
130710 13195
100386 73007
13195 45258
73007 45871
45258 97976
45871 70487
97976 93200
70487 57740
93200 58273
57740 103578
58273 22373
103578 66711
22373 34382
66711 38908
34382 30405
38908 94076
30405 1129
94076 95965
1129 30623
95965 112606
30623 3327
112606 20653
3327 51582
20653 59127
51582 45097
59127 32186
45097 114390
32186 23896
114390 65095
23896 28093
65095 28627
28093 74017
28627 37
74017 3145
37 5183
3145 47342
5183 91940
47342 81711
91940 129743
81711 18191
129743 104454
18191 96833
104454 104403
96833 92498
104403 129141
92498 98092
129141 80347
98092 13803
80347 124687
13803 112715
124687 12592
112715 21752
12592 13926
21752 4071
13926 83893
4071 53071
83893 54621
53071 55300
54621 113015
55300 38092
113015 92116
38092 96671
92116 90633
96671 101687
90633 123780
101687 35620
123780 13067
35620 62127
13067 37955
62127 80471
37955 24343
80471 103090
24343 111964
103090 79828
111964 100759
79828 44900
100759 15441
44900 1775
15441 19804
1775 110488
19804 85439
110488 53410
85439 83436
53410 14226
83436 29571
14226 23186
29571 4745
23186 10112
4745 73094
10112 52653
73094 19091
52653 49883
19091 45783
49883 90496
45783 90042
90496 51452
90042 48077
51452 23344
48077 18175
23344 103094
18175 112304
103094 108728
112304 66910
108728 51297
66910 34902
51297 83108
34902 117417
83108 19049
117417 46313
19049 4475
46313 118233
4475 88409
118233 43718
88409 46042
43718 112511
46042 126323
112511 120704
126323 36302
120704 71037
36302 8879
71037 99360
8879 57056
99360 133
57056 11305
133 43428
11305 21392
43428 114397
21392 24491
114397 115670
24491 1625
115670 7054
1625 75306
7054 109602
75306 10129
109602 74539
10129 44407
74539 104607
44407 109838
104607 30189
109838 75716
30189 13381
75716 88817
13381 78398
88817 110280
78398 67759
110280 123462
67759 8590
123462 74795
8590 66167
74795 119213
66167 40638
119213 46384
40638 10510
46384 106924
10510 44641
106924 124497
44641 96565
124497 81623
96565 122263
81623 37746
122263 62706
37746 87170
62706 69474
87170 7095
69474 78791
7095 12614
78791 23622
12614 41805
23622 14508
41805 53541
14508 94571
53541 43204
94571 2352
43204 68849
2352 85041
68849 19580
85041 91448
19580 39891
91448 113960
39891 118417
113960 104049
118417 62408
104049 61840
62408 13560
61840 104032
13560 60963
104032 70086
60963 59115
70086 44077
59115 76557
44077 84866
76557 4705
84866 6712
4705 46236
6712 129001
46236 86192
129001 117415
86192 18879
117415 31863
18879 86935
31863 49499
86935 13143
49499 68587
13143 62771
68587 92695
62771 14815
92695 79636
14815 84439
79636 99481
84439 67341
99481 87932
67341 3173
87932 7563
3173 118571
7563 117139
118571 126490
117139 3828
126490 63238
3828 1319
63238 112115
1319 92663
112115 12095
92663 110578
12095 93089
110578 48305
93089 42724
48305 92623
42724 8695
92623 83720
8695 38366
83720 115406
38366 110256
115406 65719
110256 81133
65719 80613
81133 36413
80613 80472
36413 24428
80472 110315
24428 70734
110315 114195
70734 7321
114195 98001
7321 72612
98001 11683
72612 75558
11683 131022
75558 126906
131022 39188
126906 54205
39188 19940
54205 122048
19940 19471
122048 82183
19471 38792
82183 20545
38792 42402
20545 65253
42402 41523
65253 121609
41523 113227
121609 56112
113227 50964
56112 6597
50964 36461
6597 84552
36461 109086
84552 97340
109086 16427
97340 85585
16427 65820
85585 89718
65820 23912
89718 66455
23912 12622
66455 24302
12622 99605
24302 77881
99605 66335
77881 2422
66335 74799
2422 66507
74799 17042
66507 6789
17042 52781
6789 29971
52781 57186
29971 11183
57186 33058
11183 57439
33058 32688
57439 25989
32688 111929
25989 76853
111929 110026
76853 46169
110026 123306
46169 126401
123306 127334
126401 75568
127334 801
75568 68085
801 20101
68085 4662
20101 3057
4662 128774
3057 66897
128774 50192
66897 72048
50192 94814
72048 63859
94814 54104
63859 11355
54104 47678
11355 120500
47678 18962
120500 38918
18962 31255
38918 35255
31255 113113
35255 46422
113113 13740
46422 119332
13740 50753
119332 119733
50753 84838
119733 2325
84838 66554
2325 21037
66554 84222
21037 81036
84222 72368
81036 122014
72368 16581
122014 98675
16581 129902
98675 31706
129902 73590
31706 94813
73590 63774
94813 46879
63774 52585
46879 13311
52585 82867
13311 96932
82867 112818
96932 21347
112818 110572
21347 92579
110572 4955
92579 27962
4955 17492
27962 45039
17492 27256
45039 88553
27256 55958
88553 37874
55958 73586
37874 94473
73586 34874
94473 80728
34874 46188
80728 124921
46188 1534
124921 130390
1534 73186
130390 60473
73186 28436
60473 57782
28436 61843
57782 13815
61843 125707
13815 68344
125707 42116
68344 40943
42116 72309
40943 116999
72309 114590
116999 40896
114590 68314
40896 39566
68314 86335
39566 129570
86335 3486
129570 34168
3486 20718
34168 57107
20718 4468
57107 117638
4468 37834
117638 70186
37834 67615
70186 111222
67615 16758
111222 113720
16758 98017
113720 73972
98017 127283
73972 71233
127283 25539
71233 73679
25539 102378
73679 51444
102378 47397
51444 96615
47397 85873
96615 90300
85873 73382
90300 77133
73382 2755
77133 103104
2755 113154
103104 49907
113154 47823
49907 1754
47823 18019
1754 89834
18019 33772
89834 118129
33772 79569
118129 78744
79569 8619
78744 77260
8619 13550
77260 103182
13550 119784
103182 89173
119784 108658
89173 60960
108658 69831
60960 37440
69831 36696
37440 104527
36696 103038
104527 107544
103038 97341
107544 16512
97341 92810
16512 24590
92810 124085
24590 61545
124085 119556
61545 69793
119556 34210
69793 24288
34210 98415
24288 107802
98415 119271
107802 45568
119271 72221
45568 109519
72221 3074
109519 130219
3074 58651
130219 4637
58651 932
4637 79220
932 49079
79220 108514
49079 48720
108514 77999
48720 76365
77999 68546
76365 59286
68546 58612
59286 1322
58612 112370
1322 114338
112370 19476
114338 82608
19476 74917
82608 76537
74917 83166
76537 122347
83166 44886
122347 14251
44886 31696
14251 72740
31696 22563
72740 82861
22563 96422
82861 69468
96422 6585
69468 35441
6585 128923
35441 79562
128923 78149
79562 89115
78149 103728
89115 35123
103728 101893
35123 10219
101893 82189
10219 39302
82189 63895
39302 57164
63895 9313
57164 5179
9313 47002
5179 63040
47002 115560
63040 123346
115560 129801
123346 23121
129801 130291
23121 64771
130291 553
64771 47005
553 63295
47005 6164
63295 130727
6164 101831
130727 4949
101831 27452
4949 105213
27452 30277
105213 83196
30277 124897
83196 130565
124897 88061
130565 14138
88061 22091
14138 42741
22091 94068
42741 449
94068 38165
449 98321
38165 99812
98321 95476
99812 120129
95476 118498
120129 110934
118498 123349
110934 130056
123349 44796
130056 6601
44796 36801
6601 113452
36801 75237
113452 103737
75237 35888
103737 35847
35888 32362
35847 129350
32362 115857
129350 17520
115857 47419
17520 98485
47419 113752
98485 100737
113752 43030
100737 118633
43030 122409
118633 50156
122409 68988
50156 96856
68988 106358
96856 127602
106358 98348
127602 102107
98348 28409
102107 55487
28409 128910
55487 78457
128910 115295
78457 100821
115295 50170
100821 70178
50170 66935
70178 53422
66935 84456
53422 100926
84456 59095
100926 42377
59095 63128
42377 123040
63128 103791
123040 40478
103791 32784
40478 34149
32784 19103
34149 50903
19103 1412
50903 120020
1412 109233
120020 109835
109233 29934
109835 54041
29934 6000
54041 116787
6000 96570
116787 82048
96570 27317
82048 93738
27317 103470
93738 13193
103470 72837
13193 30808
72837 128331
30808 29242
128331 126292
29242 118069
126292 74469
118069 38457
74469 123141
38457 112376
123141 114848
112376 62826
114848 97370
62826 18977
97370 40193
18977 8559
40193 72160
8559 104334
72160 86633
104334 23829
86633 59400
23829 68302
59400 38546
68302 130706
38546 100046
130706 115366
100046 106856
115366 38861
106856 26410
38861 16643
26410 103945
16643 53568
103945 96866
53568 107208
96866 68781
107208 79261
68781 52564
79261 11526
52564 62213
11526 45265
62213 46466
45265 17480
46466 44019
17480 71627
44019 59029
71627 36767
59029 110562
36767 91729
110562 63776
91729 47049
63776 67035
47049 61922
67035 20530
61922 41127
20530 87949
41127 4618
87949 130388
4618 73016
130388 46023
73016 110896
46023 120119
110896 117648
120119 38684
117648 11365
38684 48528
11365 61679
48528 130946
61679 120446
130946 14372
120446 41981
14372 29468
41981 14431
29468 46996
14431 62530
46996 72210
62530 108584
72210 54670
108584 59465
54670 73827
59465 114958
73827 72176
114958 105694
72176 71162
105694 19504
71162 84988
19504 15075
84988 101736
15075 127945
101736 127503
127945 89933
127503 42187
89933 46978
42187 61000
46978 73231
61000 64298
73231 91419
64298 37426
91419 35506
37426 3377
35506 24903
3377 19619
24903 94763
19619 59524
94763 78842
59524 16949
78842 129955
16949 36211
129955 63302
36211 6759
63302 50231
6759 75363
50231 114447
75363 28741
114447 83707
28741 37261
83707 21481
37261 121962
21481 12161
121962 116188
12161 45655
116188 79616
45655 82739
79616 86052
82739 105515
86052 55947
105515 36939
55947 125182
36939 23719
125182 50050
23719 59978
50050 117432
59978 20324
117432 23617
20324 41380
23617 109454
41380 128620
109454 53807
128620 117181
53807 130060
117181 45136
130060 35501
45136 2952
35501 119849
2952 94698
119849 53999
94698 2430
53999 75479
2430 124307
75479 80415
124307 19583
80415 91703
19583 61566
91703 121341
61566 90447
121341 85877
90447 90640
85877 102282
90640 43284
102282 9152
43284 122565
9152 63416
122565 16449
63416 87455
16449 93699
87455 100155
93699 124631
100155 107955
124631 1205
107955 102425
1205 55439
102425 124830
55439 124870
124830 128270
124870 24057
128270 78780
24057 11679
78780 75218
11679 102122
75218 29684
102122 32791
29684 34744
32791 69678
34744 24435
69678 110910
24435 121309
110910 87727
121309 116819
87727 99290
116819 51106
99290 18667
51106 13843
18667 128087
13843 8502
128087 67315
8502 85722
67315 77465
85722 30975
77465 11455
30975 56178
11455 56574
56178 90234
56574 67772
90234 124567
67772 102515
124567 63089
102515 119725
63089 84158
119725 75596
84158 3181
75596 8243
3181 45300
8243 49441
45300 8213
49441 42750
8213 94833
42750 65474
94833 60308
65474 14411
60308 45296
14411 49101
45296 110384
49101 76599
110384 88436
76599 46013
88436 110046
46013 47869
110046 5664
47869 88227
5664 28248
88227 41802
28248 14253
41802 31866
14253 87190
31866 71174
87190 20524
71174 40617
20524 44599
40617 120927
44599 55257
120927 109360
55257 120630
109360 30012
120630 60671
30012 45266
60671 46551
45266 24705
46551 2789
24705 105994
2789 96662
105994 89868
96662 36662
89868 101637
36662 119530
101637 67583
119530 108502
67583 47700
108502 122370
47700 46841
122370 49355
46841 903
49355 76755
903 101696
76755 124545
101696 100645
124545 35210
100645 109288
35210 114510
109288 34096
114510 14598
34096 61191
14598 89466
61191 2492
89466 80749
2492 47973
80749 14504
47973 53201
14504 65671
53201 77053
65671 127026
77053 49388
127026 3708
49388 53038
3708 51816
53038 79017
51816 31824
79017 83620
31824 29866
83620 48261
29866 38984
48261 36865
38984 118892
36865 13353
118892 86437
13353 7169
86437 85081
7169 22980
85081 118306
22980 94614
118306 46859
94614 50885
46859 130953
50885 121041
130953 64947
121041 15513
64947 7895
15513 15720
7895 25490
15720 69514
25490 10495
69514 105649
10495 67337
105649 87592
67337 105344
87592 41412
105344 112174
41412 97678
112174 45157
97678 37286
45157 23606
37286 40445
23606 29979
40445 57866
29979 68983
57866 96431
68983 70233
96431 71610
70233 57584
71610 45013
57584 25046
45013 31774
25046 79370
31774 61829
79370 12625
61829 24557
12625 121280
24557 85262
121280 38365
85262 115321
38365 103031
115321 106949
103031 46766
106949 42980
46766 114383
42980 23301
114383 14520
23301 54561
14520 50200
54561 72728
50200 21543
72728 127232
21543 66898
127232 50277
66898 79273
50277 53584
79273 98226
53584 91737
98226 64456
91737 104849
64456 130408
104849 74716
130408 59452
74716 72722
59452 21033
72722 83882
21033 52136
83882 106217
52136 115617
106217 128191
115617 17342
128191 32289
17342 123145
32289 112716
123145 12677
112716 28977
12677 103767
28977 38438
103767 121526
38438 106172
121526 111792
106172 65208
111792 37698
65208 58626
37698 2512
58626 82449
2512 61402
82449 107401
61402 85186
107401 31905
85186 90505
31905 90807
90505 116477
90807 70220
116477 70505
70220 94730
70505 56719
94730 102559
56719 66829
102559 44412
66829 105032
44412 14892
105032 86181
14892 116480
86181 70475
116480 92180
70475 102111
92180 28749
102111 84387
28749 95061
84387 84854
95061 3685
84854 51083
3685 16712
51083 109810
16712 27809
109810 4487
27809 119253
4487 44038
119253 73242
44038 65233
73242 39823
65233 108180
39823 20330
108180 24127
20330 84730
24127 124216
84730 72680
124216 17463
72680 42574
17463 79873
42574 104584
79873 107883
104584 126156
107883 106509
126156 9366
106509 9684
9366 36714
9684 106057
36714 102017
106057 20759
102017 60592
20759 38551
60592 60
38551 5100
60 40287
5100 16549
40287 95955
16549 29773
95955 40356
29773 22414
40356 70196
22414 68465
70196 52401
68465 128742
52401 64177
128742 81134
64177 80698
81134 43638
80698 39242
43638 58795
39242 16877
58795 123835
16877 40295
123835 17229
40295 22684
17229 93146
22684 53150
93146 61336
53150 101791
61336 1549
101791 594
1549 50490
594 97378
50490 19657
97378 97993
19657 71932
97993 84954
71932 12185
84954 118228
12185 87984
118228 7593
87984 121121
7593 71747
121121 69229
71747 117341
69229 12589
117341 21497
12589 123322
21497 127761
123322 111863
127761 71243
111863 26389
71243 14858
26389 83291
14858 1901
83291 30514
1901 103341
30514 2228
103341 58309
2228 106638
58309 20331
106638 24212
20331 91955
24212 82986
91955 107047
82986 55096
107047 95675
55096 5973
95675 114492
5973 32566
114492 15619
32566 16905
15619 126215
16905 111524
126215 42428
111524 67463
42428 98302
67463 98197
98302 89272
98197 117073
89272 120880
117073 51262
120880 31927
51262 92375
31927 118686
92375 126914
118686 39868
126914 112005
39868 83313
112005 3771
83313 58393
3771 113778
58393 102947
113778 99809
102947 95221
99809 98454
95221 111117
98454 7833
111117 10450
7833 101824
10450 4354
101824 107948
4354 610
107948 51850
610 81907
51850 15332
81907 123581
15332 18705
123581 17073
18705 9424
17073 14614
9424 62551
14614 73995
62551 129238
73995 106337
129238 125817
106337 77694
125817 50440
77694 93128
50440 51620
93128 62357
51620 57505
62357 38298
57505 109626
38298 12169
109626 116868
12169 103455
116868 11918
103455 95533
11918 124974
95533 6039
124974 120102
6039 116203
120102 46930
116203 56920
46930 119644
56920 77273
119644 14655
77273 66036
14655 108078
66036 11660
108078 73603
11660 95918
73603 26628
95918 35173
26628 106143
35173 109327
106143 117825
109327 53729
117825 110551
53729 90794
110551 115372
90794 107366
115372 82211
107366 41172
82211 91774
41172 67601
91774 110032
67601 46679
110032 35585
46679 10092
35585 71394
10092 39224
71394 57265
39224 17898
57265 79549
17898 77044
79549 126261
77044 115434
126261 112636
115434 5877
112636 106332
5877 125392
106332 41569
125392 125519
41569 52364
125519 125597
52364 58994
125597 33792
58994 119829
33792 92998
119829 40570
92998 40604
40570 43494
40604 27002
43494 66963
27002 55802
66963 24614
55802 126125
24614 103874
126125 47533
103874 108175
47533 19905
108175 119073
19905 28738
119073 83452
28738 15586
83452 14100
15586 18861
14100 30333
18861 87956
30333 5213
87956 49892
5213 46548
49892 24450
46548 112185
24450 98613
112185 124632
98613 108040
124632 8430
108040 61195
8430 89806
61195 31392
89806 46900
31392 54370
46900 33965
54370 3463
33965 32213
3463 116685
32213 87900
116685 453
87900 38505
453 127221
38505 65963
127221 101873
65963 8519
101873 68760
8519 77476
68760 31910
77476 90930
31910 126932
90930 41398
126932 110984
41398 127599
110984 98093
127599 80432
98093 21028
80432 83457
21028 16011
83457 50225
16011 74853
50225 71097
74853 13979
71097 8576
13979 73605
8576 96088
73605 41078
96088 83784
41078 43806
83784 53522
43806 92956
53522 37000
92956 130367
37000 71231
130367 25369
71231 59229
25369 53767
59229 113781
53767 103202
113781 121484
103202 102602
121484 70484
102602 92945
70484 36065
92945 50892
36065 477
50892 40545
477 38479
40545 125011
38479 9184
125011 125285
9184 32474
125285 7799
32474 7560
7799 118316
7560 95464
118316 119109
95464 31798
119109 81410
31798 104158
81410 71673
104158 62939
71673 106975
62939 48976
106975 99759
48976 90971
99759 130417
90971 75481
130417 124477
75481 94865
124477 68194
94865 29366
68194 5761
29366 96472
5761 73718
96472 105693
73718 71077
105693 12279
71077 126218
12279 111779
126218 64103
111779 74844
64103 70332
74844 80025
70332 117504
80025 26444
117504 19533
26444 87453
19533 93529
87453 85705
93529 76020
85705 39221
76020 57010
39221 127294
57010 72168
127294 105014
72168 13362
105014 87202
13362 72194
87202 107224
72194 70141
107224 63790
70141 48239
63790 37114
48239 8986
37114 108455
8986 43705
108455 44937
43705 18586
44937 6958
18586 67146
6958 71357
67146 36079
71357 52082
36079 101627
52082 118680
101627 126404
118680 127589
126404 97243
127589 8182
97243 40115
8182 1929
40115 32894
1929 43499
32894 27427
43499 103088
27427 111794
103088 65378
111794 52148
65378 107237
52148 71246
107237 26644
71246 36533
26644 90672
36533 105002
90672 12342
105002 502
12342 42670
502 88033
42670 11758
88033 81933
11758 17542
81933 49289
17542 126364
49289 124189
126364 70385
124189 84530
70385 107216
84530 69461
107216 5990
69461 115937
5990 24320
115937 101135
24320 76860
101135 110621
76860 96744
110621 96838
96744 104828
96838 128623
104828 54062
128623 7785
54062 6370
7785 17166
6370 17329
17166 31184
17329 29220
31184 124422
29220 90190
124422 64032
90190 68809
64032 81641
68809 123793
81641 36725
123793 106992
36725 50421
106992 91513
50421 45416
91513 59301
45416 59887
59301 109697
59887 18204
109697 105559
18204 59687
105559 92697
59687 14985
92697 94086
14985 1979
94086 37144
1979 11536
37144 63063
11536 117515
63063 27379
117515 99008
27379 27136
99008 78353
27136 106455
78353 4776
106455 12747
4776 34927
12747 85233
34927 35900
85233 36867
35900 119062
36867 27803
119062 3977
27803 75903
3977 29276
75903 129182
29276 101577
129182 114430
101577 27296
114430 91953
27296 82816
91953 92597
82816 6485
92597 26941
6485 61778
26941 8290
61778 49295
8290 126874
49295 36468
126874 85147
36468 28590
85147 70872
28590 125925
70872 86874
125925 44314
86874 96702
44314 93268
96702 63520
93268 25289
63520 52429
25289 51
52429 4335
51 106333
4335 125477
106333 48794
125477 84289
48794 86731
84289 32159
86731 112095
32159 90963
112095 129737
90963 17681
129737 61104
17681 82071
61104 29272
82071 128842
29272 72677
128842 17208
72677 20899
17208 72492
20899 1483
72492 126055
1483 97924
126055 66067
97924 110713
66067 104564
110713 106183
104564 112727
106183 13612
112727 108452
13612 43450
108452 23262
43450 11205
23262 34928
11205 85318
34928 43125
85318 126708
43125 22358
126708 65436
22358 57078
65436 2003
57078 39184
2003 53865
39184 122111
53865 24826
122111 13074
24826 62722
13074 88530
62722 54003
88530 2770
54003 104379
2770 90458
104379 86812
90458 39044
86812 41965
39044 28108
41965 29902
28108 51321
29902 36942
51321 125437
36942 45394
125437 57431
45394 32008
57431 99260
32008 48556
99260 64059
48556 71104
64059 14574
71104 59151
14574 47137
59151 74515
47137 42367
74515 62278
42367 50790
62278 122878
50790 90021
122878 49667
90021 27423
49667 102748
27423 82894
102748 99227
82894 45751
99227 87776
45751 120984
87776 60102
120984 127972
60102 129798
127972 22866
129798 108616
22866 57390
108616 28523
57390 65177
28523 35063
65177 96793
35063 101003
96793 65640
101003 74418
65640 34122
74418 16808
34122 117970
16808 66054
117970 109608
66054 10639
109608 117889
10639 59169
117889 48667
59169 73494
48667 86653
73494 25529
86653 72829
25529 30128
72829 70531
30128 96940
70531 113498
96940 79147
113498 42874
79147 105373
42874 43877
105373 59557
43877 81647
59557 124303
81647 80075
124303 121754
80075 125552
121754 55169
125552 101880
55169 9114
101880 119335
9114 51008
119335 10337
51008 92219
10337 105426
92219 48382
105426 49269
48382 124664
49269 110760
124664 108559
110760 52545
108559 9911
52545 56009
9911 42209
56009 48848
42209 88879
48848 83668
88879 33946
83668 1848
33946 26009
1848 113629
26009 90282
113629 71852
90282 78154
71852 89540
78154 8782
89540 91115
8782 11586
91115 67313
11586 85552
67313 63015
85552 113435
63015 73792
113435 111983
73792 81443
111983 106963
81443 47956
106963 13059
47956 61447
13059 111226
61447 17098
111226 11549
17098 64168
11549 80369
64168 15673
80369 21495
15673 123152
21495 113311
123152 63252
113311 2509
63252 82194
2509 39727
82194 100020
39727 113156
100020 50077
113156 62273
50077 50365
62273 86753
50365 34029
86753 8903
34029 101400
8903 99385
101400 59181
99385 49687
59181 29123
49687 116177
29123 44720
116177 141
44720 11985
141 101228
11985 84765
101228 127191
84765 63413
127191 16194
63413 65780
16194 86318
65780 128125
86318 11732
128125 79723
11732 91834
79723 72701
91834 19248
72701 63228
19248 469
63228 39865
469 111750
39865 61638
111750 127461
61638 86363
127461 879
86363 74715
879 59367
74715 65497
59367 62263
65497 49515
62263 14503
49515 53116
14503 58446
53116 118283
58446 92659
118283 11755
92659 81678
11755 126938
81678 41908
126938 23263
41908 11290
23263 42153
11290 44088
42153 77492
44088 33270
77492 75459
33270 122607
75459 66986
122607 57757
66986 59718
57757 95332
59718 107889
95332 126666
107889 18788
126666 24128
18788 84815
24128 370
84815 31450
370 51830
31450 80207
51830 1903
80207 30684
1903 117791
30684 50839
117791 127043
50839 50833
127043 126533
50833 7483
126533 111771
7483 63423
111771 17044
63423 6959
17044 67231
6959 78582
67231 125920
78582 86449
125920 8189
86449 40710
8189 52504
40710 6426
52504 21926
6426 28716
21926 81582
28716 118778
81582 3663
118778 49213
3663 119904
49213 99373
119904 58161
99373 94058
58161 130670
94058 96986
130670 117408
96986 18284
117408 112359
18284 113403
112359 71072
113403 11854
71072 90093
11854 55787
90093 23339
55787 17750
23339 66969
17750 56312
66969 67964
56312 9816
67964 47934
9816 11189
47934 33568
11189 100789
33568 47450
100789 101120
47450 75585
101120 2246
75585 59839
2246 105617
59839 64617
105617 118534
64617 113994
118534 121307
113994 87557
121307 102369
87557 50679
102369 113443
50679 74472
113443 38712
74472 13745
38712 119757
13745 86878
119757 44654
86878 125602
44654 59419
125602 69917
59419 44750
69917 2691
44750 97664
2691 43967
97664 67207
43967 76542
67207 83591
76542 27401
83591 100878
27401 55015
100878 88790
55015 76103
88790 46276
76103 1330
46276 113050
1330 41067
113050 82849
41067 95402
82849 113839
95402 108132
113839 16250
108132 70540
16250 97705
