6 102
102 1734
1734 4905
4905 1475
1475 502
502 343
343 5831
5831 835
835 6004
6004 3776
3776 6855
6855 1861
1861 7064
7064 5414
5414 1937
1937 165
165 2805
2805 6730
6730 7927
7927 3703
3703 5614
5614 5337
5337 628
628 2485
2485 1290
1290 5548
5548 4215
4215 6127
6127 5867
5867 1447
1447 26
26 442
442 7514
7514 4873
4873 931
931 7636
7636 6947
6947 3425
3425 888
888 6905
6905 2711
2711 5132
5132 5334
5334 577
577 1618
1618 2933
2933 715
715 3964
3964 1860
1860 7047
7047 5125
5125 5215
5215 6745
6745 8182
8182 8038
8038 5590
5590 4929
4929 1883
1883 7438
7438 3581
3581 3540
3540 2843
2843 7376
7376 2527
2527 2004
2004 1304
1304 5786
5786 70
70 1190
1190 3848
3848 8079
8079 6287
6287 396
396 6732
6732 7961
7961 4281
4281 7249
7249 368
368 6256
6256 8060
8060 5964
5964 3096
3096 3486
3486 1925
1925 8152
8152 7528
7528 5111
5111 4977
4977 2699
2699 4928
4928 1866
1866 7149
7149 6859
6859 1929
1929 29
29 493
493 190
190 3230
3230 5764
5764 7887
7887 3023
3023 2245
2245 5401
5401 1716
1716 4599
4599 4464
4464 2169
2169 4109
4109 4325
4325 7997
7997 4893
4893 1271
1271 5225
5225 6915
6915 2881
2881 8022
8022 5318
5318 305
305 5185
5185 6235
6235 7703
7703 8086
8086 6406
6406 2419
2419 168
168 2856
2856 7597
7597 6284
6284 345
345 5865
5865 1413
1413 7639
7639 6998
6998 4292
4292 7436
7436 3547
3547 2962
2962 1208
1208 4154
4154 5090
5090 4620
4620 4821
4821 47
47 799
799 5392
5392 1563
1563 1998
1998 1202
1202 4052
4052 3356
3356 7906
7906 3346
3346 7736
7736 456
456 7752
7752 728
728 4185
4185 5617
5617 5388
5388 1495
1495 842
842 6123
6123 5799
5799 291
291 4947
4947 2189
2189 4449
4449 1914
1914 7965
7965 4349
4349 214
214 3638
3638 4509
4509 2934
2934 732
732 4253
4253 6773
6773 467
467 7939
7939 3907
3907 891
891 6956
6956 3578
3578 3489
3489 1976
1976 828
828 5885
5885 1753
1753 5228
5228 6966
6966 3748
3748 6379
6379 1960
1960 556
556 1261
1261 5055
5055 4025
4025 2897
2897 103
103 1751
1751 5194
5194 6388
6388 2113
2113 3157
3157 4523
4523 3172
3172 4778
4778 7507
7507 4754
4754 7099
7099 6009
6009 3861
3861 109
109 1853
1853 6928
6928 3102
3102 3588
3588 3659
3659 4866
4866 812
812 5613
5613 5320
5320 339
339 5763
5763 7870
7870 2734
2734 5523
5523 3790
3790 7093
7093 5907
5907 2127
2127 3395
3395 378
378 6426
6426 2759
2759 5948
5948 2824
2824 7053
7053 5227
5227 6949
6949 3459
3459 1466
1466 349
349 5933
5933 2569
2569 2718
2718 5251
5251 7357
7357 2204
2204 4704
4704 6249
6249 7941
7941 3941
3941 1469
1469 400
400 6800
6800 926
926 7551
7551 5502
5502 3433
3433 1024
1024 1026
1026 1060
1060 1638
1638 3273
3273 6495
6495 3932
3932 1316
1316 5990
5990 3538
3538 2809
2809 6798
6798 892
892 6973
6973 3867
3867 211
211 3587
3587 3642
3642 4577
4577 4090
4090 4002
4002 2506
2506 1647
1647 3426
3426 905
905 7194
7194 7624
7624 6743
6743 8148
8148 7460
7460 3955
3955 1707
1707 4446
4446 1863
1863 7098
7098 5992
5992 3572
3572 3387
3387 242
242 4114
4114 4410
4410 1251
1251 4885
4885 1135
1135 2913
2913 375
375 6375
6375 1892
1892 7591
7591 6182
6182 6802
6802 960
960 8129
8129 7137
7137 6655
6655 6652
6652 6601
6601 5734
5734 7377
7377 2544
2544 2293
2293 6217
6217 7397
7397 2884
2884 8073
8073 6185
6185 6853
6853 1827
1827 6486
6486 3779
3779 6906
6906 2728
2728 5421
5421 2056
2056 2188
2188 4432
4432 1625
1625 3052
3052 2738
2738 5591
5591 4946
4946 2172
2172 4160
4160 5192
5192 6354
6354 1535
1535 1522
1522 1301
1301 5735
5735 7394
7394 2833
2833 7206
7206 7828
7828 2020
2020 1576
1576 2219
2219 4959
4959 2393
2393 7917
7917 3533
3533 2724
2724 5353
5353 900
900 7109
7109 6179
6179 6751
6751 93
93 1581
1581 2304
2304 6404
6404 2385
2385 7781
7781 1221
1221 4375
4375 656
656 2961
2961 1191
1191 3865
3865 177
177 3009
3009 2007
2007 1355
1355 6653
6653 6618
6618 6023
6023 4099
4099 4155
4155 5107
5107 4909
4909 1543
1543 1658
1658 3613
3613 4084
4084 3900
3900 772
772 4933
4933 1951
1951 403
403 6851
6851 1793
1793 5908
5908 2144
2144 3684
3684 5291
5291 8037
8037 5573
5573 4640
4640 5161
5161 5827
5827 767
767 4848
4848 506
506 411
411 6987
6987 4105
4105 4257
4257 6841
6841 1623
1623 3018
3018 2160
2160 3956
3956 1724
1724 4735
4735 6776
6776 518
518 615
615 2264
2264 5724
5724 7207
7207 7845
7845 2309
2309 6489
6489 3830
3830 7773
7773 1085
1085 2063
2063 2307
2307 6455
6455 3252
3252 6138
6138 6054
6054 4626
4626 4923
4923 1781
1781 5704
5704 6867
6867 2065
2065 2341
2341 7033
7033 4887
4887 1169
1169 3491
3491 2010
2010 1406
1406 7520
7520 4975
4975 2665
2665 4350
4350 231
231 3927
3927 1231
1231 4545
4545 3546
3546 2945
2945 919
919 7432
7432 3479
3479 1806
1806 6129
6129 5901
5901 2025
2025 1661
1661 3664
3664 4951
4951 2257
2257 5605
5605 5184
5184 6218
6218 7414
7414 3173
3173 4795
4795 7796
7796 1476
1476 519
519 632
632 2553
2553 2446
2446 627
627 2468
2468 1001
1001 635
635 2604
2604 3313
3313 7175
7175 7301
7301 1252
1252 4902
4902 1424
1424 7826
7826 1986
1986 998
998 584
584 1737
1737 4956
4956 2342
2342 7050
7050 5176
5176 6082
6082 5102
5102 4824
4824 98
98 1666
1666 3749
3749 6396
6396 2249
2249 5469
5469 2872
2872 7869
7869 2717
2717 5234
5234 7068
7068 5482
5482 3093
3093 3435
3435 1058
1058 1604
1604 2695
2695 4860
4860 710
710 3879
3879 415
415 7055
7055 5261
5261 7527
7527 5094
5094 4688
4688 5977
5977 3317
3317 7243
7243 266
266 4522
4522 3155
3155 4489
4489 2594
2594 3143
3143 4285
4285 7317
7317 1524
1524 1335
1335 6313
6313 838
838 6055
6055 4643
4643 5212
5212 6694
6694 7315
7315 1490
1490 757
757 4678
4678 5807
5807 427
427 7259
7259 538
538 955
955 8044
8044 5692
5692 6663
6663 6788
6788 722
722 4083
4083 3883
3883 483
483 20
20 340
340 5780
5780 8159
8159 7647
7647 7134
7134 6604
6604 5785
5785 53
53 901
901 7126
7126 6468
6468 3473
3473 1704
1704 4395
4395 996
996 550
550 1159
1159 3321
3321 7311
7311 1422
1422 7792
7792 1408
1408 7554
7554 5553
5553 4300
4300 7572
7572 5859
5859 1311
1311 5905
5905 2093
2093 2817
2817 6934
6934 3204
3204 5322
5322 373
373 6341
6341 1314
1314 5956
5956 2960
2960 1174
1174 3576
3576 3455
3455 1398
1398 7384
7384 2663
2663 4316
4316 7844
7844 2292
2292 6200
6200 7108
7108 6162
6162 6462
6462 3371
3371 8161
8161 7681
7681 7712
7712 48
48 816
816 5681
5681 6476
6476 3609
3609 4016
4016 2744
2744 5693
5693 6680
6680 7077
7077 5635
5635 5694
5694 6697
6697 7366
7366 2357
2357 7305
7305 1320
1320 6058
6058 4694
4694 6079
6079 5051
5051 3957
3957 1741
1741 5024
5024 3498
3498 2129
2129 3429
3429 956
956 8061
8061 5981
5981 3385
3385 208
208 3536
3536 2775
2775 6220
6220 7448
7448 3751
3751 6430
6430 2827
2827 7104
7104 6094
6094 5306
5306 101
101 1717
1717 4616
4616 4753
4753 7082
7082 5720
5720 7139
7139 6689
6689 7230
7230 45
45 765
765 4814
4814 8119
8119 6967
6967 3765
3765 6668
6668 6873
6873 2167
2167 4075
4075 3747
3747 6362
6362 1671
1671 3834
3834 7841
7841 2241
2241 5333
5333 560
560 1329
1329 6211
6211 7295
7295 1150
1150 3168
3168 4710
4710 6351
6351 1484
1484 655
655 2944
2944 902
902 7143
7143 6757
6757 195
195 3315
3315 7209
7209 7879
7879 2887
2887 8124
8124 7052
7052 5210
5210 6660
6660 6737
6737 8046
8046 5726
5726 7241
7241 232
232 3944
3944 1520
1520 1267
1267 5157
5157 5759
5759 7802
7802 1578
1578 2253
2253 5537
5537 4028
4028 2948
2948 970
970 108
108 1836
1836 6639
6639 6380
6380 1977
1977 845
845 6174
6174 6666
6666 6839
6839 1589
1589 2440
2440 525
525 734
734 4287
4287 7351
7351 2102
2102 2970
2970 1344
1344 6466
6466 3439
3439 1126
1126 2760
2760 5965
5965 3113
3113 3775
3775 6838
6838 1572
1572 2151
2151 3803
3803 7314
7314 1473
1473 468
468 7956
7956 4196
4196 5804
5804 376
376 6392
6392 2181
2181 4313
4313 7793
7793 1425
1425 7843
7843 2275
2275 5911
5911 2195
2195 4551
4551 3648
3648 4679
4679 5824
5824 716
716 3981
3981 2149
2149 3769
3769 6736
6736 8029
8029 5437
5437 2328
2328 6812
6812 1130
1130 2828
2828 7121
7121 6383
6383 2028
2028 1712
1712 4531
4531 3308
3308 7090
7090 5856
5856 1260
1260 5038
5038 3736
3736 6175
6175 6683
6683 7128
7128 6502
6502 4051
4051 3339
3339 7617
7617 6624
6624 6125
6125 5833
5833 869
869 6582
6582 5411
5411 1886
1886 7489
7489 4448
4448 1897
1897 7676
7676 7627
7627 6794
6794 824
824 5817
5817 597
597 1958
1958 522
522 683
683 3420
3420 803
803 5460
5460 2719
2719 5268
5268 7646
7646 7117
7117 6315
6315 872
872 6633
6633 6278
6278 243
243 4131
4131 4699
4699 6164
6164 6496
6496 3949
3949 1605
1605 2712
2712 5149
5149 5623
5623 5490
5490 3229
3229 5747
5747 7598
7598 6301
6301 634
634 2587
2587 3024
3024 2262
2262 5690
5690 6629
6629 6210
6210 7278
7278 861
861 6446
6446 3099
3099 3537
3537 2792
2792 6509
6509 4170
4170 5362
5362 1053
1053 1519
1519 1250
1250 4868
4868 846
846 6191
6191 6955
6955 3561
3561 3200
3200 5254
5254 7408
7408 3071
3071 3061
3061 2891
2891 1
1 17
17 289
289 4913
4913 1611
1611 2814
2814 6883
6883 2337
2337 6965
6965 3731
3731 6090
6090 5238
5238 7136
7136 6638
6638 6363
6363 1688
1688 4123
4123 4563
4563 3852
3852 8147
8147 7443
7443 3666
3666 4985
4985 2835
2835 7240
7240 215
215 3655
3655 4798
4798 7847
7847 2343
2343 7067
7067 5465
5465 2804
2804 6713
6713 7638
7638 6981
6981 4003
4003 2523
2523 1936
1936 148
148 2516
2516 1817
1817 6316
6316 889
889 6922
6922 3000
3000 1854
1854 6945
6945 3391
3391 310
310 5270
5270 7680
7680 7695
7695 7950
7950 4094
4094 4070
4070 3662
3662 4917
4917 1679
1679 3970
3970 1962
1962 590
590 1839
1839 6690
6690 7247
7247 334
334 5678
5678 6425
6425 2742
2742 5659
5659 6102
6102 5442
5442 2413
2413 66
66 1122
1122 2692
2692 4809
4809 8034
8034 5522
5522 3773
3773 6804
6804 994
994 516
516 581
581 1686
1686 4089
4089 3985
3985 2217
2217 4925
4925 1815
1815 6282
6282 311
311 5287
5287 7969
7969 4417
4417 1370
1370 6908
6908 2762
2762 5999
5999 3691
3691 5410
5410 1869
1869 7200
7200 7726
7726 286
286 4862
4862 744
744 4457
4457 2050
2050 2086
2086 2698
2698 4911
4911 1577
1577 2236
2236 5248
5248 7306
7306 1337
1337 6347
6347 1416
1416 7690
7690 7865
7865 2649
2649 4078
4078 3798
3798 7229
7229 28
28 476
476 8092
8092 6508
6508 4153
4153 5073
5073 4331
4331 8099
8099 6627
6627 6176
6176 6700
6700 7417
7417 3224
3224 5662
5662 6153
6153 6309
6309 770
770 4899
4899 1373
1373 6959
6959 3629
3629 4356
4356 333
333 5661
5661 6136
6136 6020
6020 4048
4048 3288
3288 6750
6750 76
76 1292
1292 5582
5582 4793
4793 7762
7762 898
898 7075
7075 5601
5601 5116
5116 5062
5062 4144
4144 4920
4920 1730
1730 4837
4837 319
319 5423
5423 2090
2090 2766
2766 6067
6067 4847
4847 489
489 122
122 2074
2074 2494
2494 1443
1443 8149
8149 7477
7477 4244
4244 6620
6620 6057
6057 4677
4677 5790
5790 138
138 2346
2346 7118
7118 6332
6332 1161
1161 3355
3355 7889
7889 3057
3057 2823
2823 7036
7036 4938
4938 2036
2036 1848
1848 6843
6843 1657
1657 3596
3596 3795
3795 7178
7178 7352
7352 2119
2119 3259
3259 6257
6257 8077
8077 6253
6253 8009
8009 5097
5097 4739
4739 6844
6844 1674
1674 3885
3885 517
517 598
598 1975
1975 811
811 5596
5596 5031
5031 3617
3617 4152
4152 5056
5056 4042
4042 3186
3186 5016
5016 3362
3362 8008
8008 5080
5080 4450
4450 1931
1931 63
63 1071
1071 1825
1825 6452
6452 3201
3201 5271
5271 7697
7697 7984
7984 4672
4672 5705
5705 6884
6884 2354
2354 7254
7254 453
453 7701
7701 8052
8052 5828
5828 784
784 5137
5137 5419
5419 2022
2022 1610
1610 2797
2797 6594
6594 5615
5615 5354
5354 917
917 7398
7398 2901
2901 171
171 2907
2907 273
273 4641
4641 5178
5178 6116
6116 5680
5680 6459
6459 3320
3320 7294
7294 1133
1133 2879
2879 7988
7988 4740
4740 6861
6861 1963
1963 607
607 2128
2128 3412
3412 667
667 3148
3148 4370
4370 571
571 1516
1516 1199
1199 4001
4001 2489
2489 1358
1358 6704
6704 7485
7485 4380
4380 741
741 4406
4406 1183
1183 3729
3729 6056
6056 4660
4660 5501
5501 3416
3416 735
735 4304
4304 7640
7640 7015
7015 4581
4581 4158
4158 5158
5158 5776
5776 8091
8091 6491
6491 3864
3864 160
160 2720
2720 5285
5285 7935
7935 3839
3839 7926
7926 3686
3686 5325
5325 424
424 7208
7208 7862
7862 2598
2598 3211
3211 5441
5441 2396
2396 7968
7968 4400
4400 1081
1081 1995
1995 1151
1151 3185
3185 4999
4999 3073
3073 3095
3095 3469
3469 1636
1636 3239
3239 5917
5917 2297
2297 6285
6285 362
362 6154
6154 6326
6326 1059
1059 1621
1621 2984
2984 1582
1582 2321
2321 6693
6693 7298
7298 1201
1201 4035
4035 3067
3067 2993
2993 1735
1735 4922
4922 1764
1764 5415
5415 1954
1954 454
454 7718
7718 150
150 2550
2550 2395
2395 7951
7951 4111
4111 4359
4359 384
384 6528
6528 4493
4493 2662
2662 4299
4299 7555
7555 5570
5570 4589
4589 4294
4294 7470
7470 4125
4125 4597
4597 4430
4430 1591
1591 2474
2474 1103
1103 2369
2369 7509
7509 4788
4788 7677
7677 7644
7644 7083
7083 5737
5737 7428
7428 3411
3411 650
650 2859
2859 7648
7648 7151
7151 6893
6893 2507
2507 1664
1664 3715
3715 5818
5818 614
614 2247
2247 5435
5435 2294
2294 6234
6234 7686
7686 7797
7797 1493
1493 808
808 5545
5545 4164
4164 5260
5260 7510
7510 4805
4805 7966
7966 4366
4366 503
503 360
360 6120
6120 5748
5748 7615
7615 6590
6590 5547
5547 4198
4198 5838
5838 954
954 8027
8027 5403
5403 1750
1750 5177
5177 6099
6099 5391
5391 1546
1546 1709
1709 4480
4480 2441
2441 542
542 1023
1023 1009
1009 771
771 4916
4916 1662
1662 3681
3681 5240
5240 7170
7170 7216
7216 7998
7998 4910
4910 1560
1560 1947
1947 335
335 5695
5695 6714
6714 7655
7655 7270
7270 725
725 4134
4134 4750
4750 7031
7031 4853
4853 591
591 1856
1856 6979
6979 3969
3969 1945
1945 301
301 5117
5117 5079
5079 4433
4433 1642
1642 3341
3341 7651
7651 7202
7202 7760
7760 864
864 6497
6497 3966
3966 1894
1894 7625
7625 6760
6760 246
246 4182
4182 5566
5566 4521
4521 3138
3138 4200
4200 5872
5872 1532
1532 1471
1471 434
434 7378
7378 2561
2561 2582
2582 2939
2939 817
817 5698
5698 6765
6765 331
331 5627
5627 5558
5558 4385
4385 826
826 5851
5851 1175
1175 3593
3593 3744
3744 6311
6311 804
804 5477
5477 3008
3008 1990
1990 1066
1066 1740
1740 5007
5007 3209
3209 5407
5407 1818
1818 6333
6333 1178
1178 3644
3644 4611
4611 4668
4668 5637
5637 5728
5728 7275
7275 810
810 5579
5579 4742
4742 6895
6895 2541
2541 2242
2242 5350
5350 849
849 6242
6242 7822
7822 1918
1918 8033
8033 5505
5505 3484
3484 1891
1891 7574
7574 5893
5893 1889
1889 7540
7540 5315
5315 254
254 4318
4318 7878
7878 2870
2870 7835
7835 2139
2139 3599
3599 3846
3846 8045
8045 5709
5709 6952
6952 3510
3510 2333
2333 6897
6897 2575
2575 2820
2820 6985
6985 4071
4071 3679
3679 5206
5206 6592
6592 5581
5581 4776
4776 7473
7473 4176
4176 5464
5464 2787
2787 6424
6424 2725
2725 5370
5370 1189
1189 3831
3831 7790
7790 1374
1374 6976
6976 3918
3918 1078
1078 1944
1944 284
284 4828
4828 166
166 2822
2822 7019
7019 4649
4649 5314
5314 237
237 4029
4029 2965
2965 1259
1259 5021
5021 3447
3447 1262
1262 5072
5072 4314
4314 7810
7810 1714
1714 4565
4565 3886
3886 534
534 887
887 6888
6888 2422
2422 219
219 3723
3723 5954
5954 2926
2926 596
596 1941
1941 233
233 3961
3961 1809
1809 6180
6180 6768
6768 382
382 6494
6494 3915
3915 1027
1027 1077
1077 1927
1927 8186
8186 8106
8106 6746
6746 8
8 136
136 2312
2312 6540
6540 4697
4697 6130
6130 5918
5918 2314
2314 6574
6574 5275
5275 7765
7765 949
949 7942
7942 3958
3958 1758
1758 5313
5313 220
220 3740
3740 6243
6243 7839
7839 2207
2207 4755
4755 7116
7116 6298
6298 583
583 1720
1720 4667
4667 5620
5620 5439
5439 2362
2362 7390
7390 2765
2765 6050
6050 4558
4558 3767
3767 6702
6702 7451
7451 3802
3802 7297
7297 1184
1184 3746
3746 6345
6345 1382
1382 7112
7112 6230
6230 7618
7618 6641
6641 6414
6414 2555
2555 2480
2480 1205
1205 4103
4103 4223
4223 6263
6263 8179
8179 7987
7987 4723
4723 6572
6572 5241
5241 7187
7187 7505
7505 4720
4720 6521
6521 4374
4374 639
639 2672
2672 4469
4469 2254
2254 5554
5554 4317
4317 7861
7861 2581
2581 2922
2922 528
528 785
785 5154
5154 5708
5708 6935
6935 3221
3221 5611
5611 5286
5286 7952
7952 4128
4128 4648
4648 5297
5297 8139
8139 7307
7307 1354
1354 6636
6636 6329
6329 1110
1110 2488
2488 1341
1341 6415
6415 2572
2572 2769
2769 6118
6118 5714
5714 7037
7037 4955
4955 2325
2325 6761
6761 263
263 4471
4471 2288
2288 6132
6132 5952
5952 2892
2892 18
18 306
306 5202
5202 6524
6524 4425
4425 1506
1506 1029
1029 1111
1111 2505
2505 1630
1630 3137
3137 4183
4183 5583
5583 4810
4810 8051
8051 5811
5811 495
495 224
224 3808
3808 7399
7399 2918
2918 460
460 7820
7820 1884
1884 7455
7455 3870
3870 262
262 4454
4454 1999
1999 1219
1219 4341
4341 78
78 1326
1326 6160
6160 6428
6428 2793
2793 6526
6526 4459
4459 2084
2084 2664
2664 4333
4333 8133
8133 7205
7205 7811
7811 1731
1731 4854
4854 608
608 2145
2145 3701
3701 5580
5580 4759
4759 7184
7184 7454
7454 3853
3853 8164
8164 7732
7732 388
388 6596
6596 5649
5649 5932
5932 2552
2552 2429
2429 338
338 5746
5746 7581
7581 6012
6012 3912
3912 976
976 210
210 3570
3570 3353
3353 7855
7855 2479
2479 1188
1188 3814
3814 7501
7501 4652
4652 5365
5365 1104
1104 2386
2386 7798
7798 1510
1510 1097
1097 2267
2267 5775
5775 8074
8074 6202
6202 7142
7142 6740
6740 8097
8097 6593
6593 5598
5598 5065
5065 4195
4195 5787
5787 87
87 1479
1479 570
570 1499
1499 910
910 7279
7279 878
878 6735
6735 8012
8012 5148
5148 5606
5606 5201
5201 6507
6507 4136
4136 4784
4784 7609
7609 6488
6488 3813
3813 7484
7484 4363
4363 452
452 7684
7684 7763
7763 915
915 7364
7364 2323
2323 6727
6727 7876
7876 2836
2836 7257
7257 504
504 377
377 6409
6409 2470
2470 1035
1035 1213
1213 4239
4239 6535
6535 4612
4612 4685
4685 5926
5926 2450
2450 695
695 3624
3624 4271
4271 7079
7079 5669
5669 6272
6272 141
141 2397
2397 7985
7985 4689
4689 5994
5994 3606
3606 3965
3965 1877
1877 7336
7336 1847
1847 6826
6826 1368
1368 6874
6874 2184
2184 4364
4364 469
469 7973
7973 4485
4485 2526
2526 1987
1987 1015
1015 873
873 6650
6650 6567
6567 5156
5156 5742
5742 7513
7513 4856
4856 642
642 2723
2723 5336
5336 611
611 2196
2196 4568
4568 3937
3937 1401
1401 7435
7435 3530
3530 2673
2673 4486
4486 2543
2543 2276
2276 5928
5928 2484
2484 1273
1273 5259
5259 7493
7493 4516
4516 3053
3053 2755
2755 5880
5880 1668
1668 3783
3783 6974
6974 3884
3884 500
500 309
309 5253
5253 7391
7391 2782
2782 6339
6339 1280
1280 5378
5378 1325
1325 6143
6143 6139
6139 6071
6071 4915
4915 1645
1645 3392
3392 327
327 5559
5559 4402
4402 1115
1115 2573
2573 2786
2786 6407
6407 2436
2436 457
457 7769
7769 1017
1017 907
907 7228
7228 11
11 187
187 3179
3179 4897
4897 1339
1339 6381
6381 1994
1994 1134
1134 2896
2896 86
86 1462
1462 281
281 4777
4777 7490
7490 4465
4465 2186
2186 4398
4398 1047
1047 1417
1417 7707
7707 8154
8154 7562
7562 5689
5689 6612
6612 5921
5921 2365
2365 7441
7441 3632
3632 4407
4407 1200
1200 4018
4018 2778
2778 6271
6271 124
124 2108
2108 3072
3072 3078
3078 3180
3180 4914
4914 1628
1628 3103
3103 3605
3605 3948
3948 1588
1588 2423
2423 236
236 4012
4012 2676
2676 4537
4537 3410
3410 633
633 2570
2570 2735
2735 5540
5540 4079
4079 3815
3815 7518
7518 4941
4941 2087
2087 2715
2715 5200
5200 6490
6490 3847
3847 8062
8062 5998
5998 3674
3674 5121
5121 5147
5147 5589
5589 4912
4912 1594
1594 2525
2525 1970
1970 726
726 4151
4151 5039
5039 3753
3753 6464
6464 3405
3405 548
548 1125
1125 2743
2743 5676
5676 6391
6391 2164
2164 4024
4024 2880
2880 8005
8005 5029
5029 3583
3583 3574
3574 3421
3421 820
820 5749
5749 7632
7632 6879
6879 2269
2269 5809
5809 461
461 7837
7837 2173
2173 4177
4177 5481
5481 3076
3076 3146
3146 4336
4336 8184
8184 8072
8072 6168
6168 6564
6564 5105
5105 4875
4875 965
965 23
23 391
391 6647
6647 6516
6516 4289
4289 7385
7385 2680
2680 4605
4605 4566
4566 3903
3903 823
823 5800
5800 308
308 5236
5236 7102
7102 6060
6060 4728
4728 6657
6657 6686
6686 7179
7179 7369
7369 2408
2408 8172
8172 7868
7868 2700
2700 4945
4945 2155
2155 3871
3871 279
279 4743
4743 6912
6912 2830
2830 7155
7155 6961
6961 3663
3663 4934
4934 1968
1968 692
692 3573
3573 3404
3404 531
531 836
836 6021
6021 4065
4065 3577
3577 3472
3472 1687
1687 4106
4106 4274
4274 7130
7130 6536
6536 4629
4629 4974
4974 2648
2648 4061
4061 3509
3509 2316
2316 6608
6608 5853
5853 1209
1209 4171
4171 5379
5379 1342
1342 6432
6432 2861
2861 7682
7682 7729
7729 337
337 5729
5729 7292
7292 1099
1099 2301
2301 6353
6353 1518
1518 1233
1233 4579
4579 4124
4124 4580
4580 4141
4141 4869
4869 863
863 6480
6480 3677
3677 5172
5172 6014
6014 3946
3946 1554
1554 1845
1845 6792
6792 790
790 5239
5239 7153
7153 6927
6927 3085
3085 3299
3299 6937
6937 3255
3255 6189
6189 6921
6921 2983
2983 1565
1565 2032
2032 1780
1780 5687
5687 6578
6578 5343
5343 730
730 4219
4219 6195
6195 7023
7023 4717
4717 6470
6470 3507
3507 2282
2282 6030
6030 4218
4218 6178
6178 6734
6734 7995
7995 4859
4859 693
693 3590
3590 3693
3693 5444
5444 2447
2447 644
644 2757
2757 5914
5914 2246
2246 5418
5418 2005
2005 1321
1321 6075
6075 4983
4983 2801
2801 6662
6662 6771
6771 433
433 7361
7361 2272
2272 5860
5860 1328
1328 6194
6194 7006
7006 4428
4428 1557
1557 1896
1896 7659
7659 7338
7338 1881
1881 7404
7404 3003
3003 1905
1905 7812
7812 1748
1748 5143
5143 5521
5521 3756
3756 6515
6515 4272
4272 7096
7096 5958
5958 2994
2994 1752
1752 5211
5211 6677
6677 7026
7026 4768
4768 7337
7337 1864
1864 7115
7115 6281
6281 294
294 4998
4998 3056
3056 2806
2806 6747
6747 25
25 425
425 7225
7225 8151
8151 7511
7511 4822
4822 64
64 1088
1088 2114
2114 3174
3174 4812
4812 8085
8085 6389
6389 2130
2130 3446
3446 1245
1245 4783
4783 7592
7592 6199
6199 7091
7091 5873
5873 1549
1549 1760
1760 5347
5347 798
798 5375
5375 1274
1274 5276
5276 7782
7782 1238
1238 4664
4664 5569
5569 4572
4572 4005
4005 2557
2557 2514
2514 1783
1783 5738
5738 7445
7445 3700
3700 5563
5563 4470
4470 2271
2271 5843
5843 1039
1039 1281
1281 5395
5395 1614
1614 2865
2865 7750
7750 694
694 3607
3607 3982
3982 2166
2166 4058
4058 3458
3458 1449
1449 60
60 1020
1020 958
958 8095
8095 6559
6559 5020
5020 3430
3430 973
973 159
159 2703
2703 4996
4996 3022
3022 2228
2228 5112
5112 4994
4994 2988
2988 1650
1650 3477
3477 1772
1772 5551
5551 4266
4266 6994
6994 4224
4224 6280
6280 277
277 4709
4709 6334
6334 1195
1195 3933
3933 1333
1333 6279
6279 260
260 4420
4420 1421
1421 7775
7775 1119
1119 2641
2641 3942
3942 1486
1486 689
689 3522
3522 2537
2537 2174
2174 4194
4194 5770
5770 7989
7989 4757
4757 7150
7150 6876
6876 2218
2218 4942
4942 2104
2104 3004
3004 1922
1922 8101
8101 6661
6661 6754
6754 144
144 2448
2448 661
661 3046
3046 2636
2636 3857
3857 41
41 697
697 3658
3658 4849
4849 523
523 700
700 3709
3709 5716
5716 7071
7071 5533
5533 3960
3960 1792
1792 5891
5891 1855
1855 6962
6962 3680
3680 5223
5223 6881
6881 2303
2303 6387
6387 2096
2096 2868
2868 7801
7801 1561
1561 1964
1964 624
624 2417
2417 134
134 2278
2278 5962
5962 3062
3062 2908
2908 290
290 4930
4930 1900
1900 7727
7727 303
303 5151
5151 5657
5657 6068
6068 4864
4864 778
778 5035
5035 3685
3685 5308
5308 135
135 2295
2295 6251
6251 7975
7975 4519
4519 3104
3104 3622
3622 4237
4237 6501
6501 4034
4034 3050
3050 2704
2704 5013
5013 3311
3311 7141
7141 6723
6723 7808
7808 1680
1680 3987
3987 2251
2251 5503
5503 3450
3450 1313
1313 5939
5939 2671
2671 4452
4452 1965
1965 641
641 2706
2706 5047
5047 3889
3889 585
585 1754
1754 5245
5245 7255
7255 470
470 7990
7990 4774
4774 7439
7439 3598
3598 3829
3829 7756
7756 796
796 5341
5341 696
696 3641
3641 4560
4560 3801
3801 7280
7280 895
895 7024
7024 4734
4734 6759
6759 229
229 3893
3893 653
653 2910
2910 324
324 5508
5508 3535
3535 2758
2758 5931
5931 2535
2535 2140
2140 3616
3616 4135
4135 4767
4767 7320
7320 1575
1575 2202
2202 4670
4670 5671
5671 6306
6306 719
719 4032
4032 3016
3016 2126
2126 3378
3378 89
89 1513
1513 1148
1148 3134
3134 4132
4132 4716
4716 6453
6453 3218
3218 5560
5560 4419
4419 1404
1404 7486
7486 4397
4397 1030
1030 1128
1128 2794
2794 6543
6543 4748
4748 6997
6997 4275
4275 7147
7147 6825
6825 1351
1351 6585
6585 5462
5462 2753
2753 5846
5846 1090
1090 2148
2148 3752
3752 6447
6447 3116
3116 3826
3826 7705
7705 8120
8120 6984
6984 4054
4054 3390
3390 293
293 4981
4981 2767
2767 6084
6084 5136
5136 5402
5402 1733
1733 4888
4888 1186
1186 3780
3780 6923
6923 3017
3017 2143
2143 3667
3667 5002
5002 3124
3124 3962
3962 1826
1826 6469
6469 3490
3490 1993
1993 1117
1117 2607
2607 3364
3364 8042
8042 5658
5658 6085
6085 5153
5153 5691
5691 6646
6646 6499
6499 4000
4000 2472
2472 1069
1069 1791
1791 5874
5874 1566
1566 2049
2049 2069
2069 2409
2409 8189
8189 8157
8157 7613
7613 6556
6556 4969
4969 2563
2563 2616
2616 3517
3517 2452
2452 729
729 4202
4202 5906
5906 2110
2110 3106
3106 3656
3656 4815
4815 8136
8136 7256
7256 487
487 88
88 1496
1496 859
859 6412
6412 2521
2521 1902
1902 7761
7761 881
881 6786
6786 688
688 3505
3505 2248
2248 5452
5452 2583
2583 2956
2956 1106
