0.0507927185989705 0.6857617337139974
0.6857617337139974 0.33447306364935625
0.33447306364935625 0.8185803892335799
0.8185803892335799 0.3846895653020115
0.3846895653020115 0.5340119789495148
0.5340119789495148 0.8994812474836109
0.8994812474836109 0.04915521911653031
0.04915521911653031 0.17786238076171842
0.17786238076171842 0.4659379439687914
0.4659379439687914 0.6441914924672387
0.6441914924672387 0.4802186279959513
0.4802186279959513 0.9434156670023736
0.9434156670023736 0.463748003197229
0.463748003197229 0.9423097351217871
0.9423097351217871 0.5741961982251644
0.5741961982251644 0.8339716085246747
0.8339716085246747 0.5565328051168807
0.5565328051168807 0.8028597744363641
0.8028597744363641 0.09782153697876206
0.09782153697876206 0.004211971546498106
0.004211971546498106 0.04644735064480665
0.04644735064480665 0.9426781682619252
0.9426781682619252 0.16561840593360921
0.16561840593360921 0.9590840289719067
0.9590840289719067 0.18073791046651388
0.18073791046651388 0.6037628794036727
0.6037628794036727 0.5475958831166376
0.5475958831166376 0.41122997811169704
0.41122997811169704 0.30245355416741804
0.30245355416741804 0.5619518853365435
0.5619518853365435 0.7903961123174943
0.7903961123174943 0.7988993846775262
0.7988993846775262 0.612377755362004
0.612377755362004 0.2753977826095144
0.2753977826095144 0.15696963107247708
0.15696963107247708 0.35305490353181834
0.35305490353181834 0.35614744776439045
0.35614744776439045 0.45554071252089834
0.45554071252089834 0.36582796834150777
0.36582796834150777 0.2120838649240322
0.2120838649240322 0.4222168451867634
0.4222168451867634 0.6512689876396296
0.6512689876396296 0.20287194328544222
0.20287194328544222 0.5697808069371624
0.5697808069371624 0.9539027266702218
0.9539027266702218 0.8714575834399612
0.8714575834399612 0.6286694290664712
0.6286694290664712 0.2947427672271401
0.2947427672271401 0.8388861625171469
0.8388861625171469 0.21568419064995625
0.21568419064995625 0.4998878638310549
0.4998878638310549 0.5619341852418969
0.5619341852418969 0.6896634483904884
0.6896634483904884 0.12142106274632591
0.12142106274632591 0.035562372362096806
0.035562372362096806 0.7735211667219093
0.7735211667219093 0.3845043204267642
0.3845043204267642 0.7112345789129828
0.7112345789129828 0.14979872161443675
0.14979872161443675 0.9093194215814105
0.9093194215814105 0.18135388041882083
0.18135388041882083 0.3162617384341795
0.3162617384341795 0.9978576329054376
0.9978576329054376 0.4449960785327798
0.4449960785327798 0.5583549920187845
0.5583549920187845 0.5689423585095332
0.5689423585095332 0.04332708397697527
0.04332708397697527 0.7595145103775074
0.7595145103775074 0.44272520236570223
0.44272520236570223 0.1391177126718579
0.1391177126718579 0.5596526290960024
0.5596526290960024 0.13864433115040153
0.13864433115040153 0.404680116776416
0.404680116776416 0.9744679062283719
0.9744679062283719 0.7543572881960237
0.7543572881960237 0.4827054296202067
0.4827054296202067 0.40770837234807056
0.40770837234807056 0.8839695160662471
0.8839695160662471 0.9388408419582366
0.9388408419582366 0.22153880762701572
0.22153880762701572 0.592181929997091
0.592181929997091 0.7254722927473274
0.7254722927473274 0.6837103577784265
0.6837103577784265 0.20021181420928102
0.20021181420928102 0.751283997075956
0.751283997075956 0.5652308767728975
0.5652308767728975 0.9081672609659946
0.9081672609659946 0.7435722650200798
0.7435722650200798 0.19720505497961804
0.19720505497961804 0.15148152478018018
0.15148152478018018 0.5561802898943313
0.5561802898943313 0.2212722389789692
0.2212722389789692 0.9484303768577225
0.9484303768577225 0.7981188673321395
0.7981188673321395 0.2712446329019427
0.2712446329019427 0.3867202558971179
0.3867202558971179 0.5272192425949163
0.5272192425949163 0.6034786738298072
0.6034786738298072 0.6064565887003242
0.6064565887003242 0.0577485902045447
0.0577485902045447 0.5484487944178915
0.5484487944178915 0.73416678187496
0.73416678187496 0.8633815071503022
0.8633815071503022 0.24631476750763115
0.24631476750763115 0.08295156705085782
0.08295156705085782 0.4011303906913044
0.4011303906913044 0.7926544461467537
0.7926544461467537 0.8249156227199865
0.8249156227199865 0.947061719900381
0.947061719900381 0.5313176805251483
0.5313176805251483 0.5280018489921152
0.5280018489921152 0.0973482067897451
0.0973482067897451 0.21676575867060244
0.21676575867060244 0.9864727234063999
0.9864727234063999 0.8625020032386914
0.8625020032386914 0.5672683640863596
0.5672683640863596 0.6838836073566386
0.6838836073566386 0.4331297766997191
0.4331297766997191 0.06893726956104995
0.06893726956104995 0.746675120074749
0.746675120074749 0.9378658278164824
0.9378658278164824 0.395582503540453
0.395582503540453 0.9350551464240453
0.9350551464240453 0.04863006503387779
0.04863006503387779 0.38067115830814613
0.38067115830814613 0.4920653942321429
0.4920653942321429 0.4645701249524743
0.4645701249524743 0.38234833246503763
0.38234833246503763 0.7779699577063155
0.7779699577063155 0.9457351746351661
0.9457351746351661 0.03777316186466528
0.03777316186466528 0.503972576088696
0.503972576088696 0.7032092571420623
0.7032092571420623 0.5842790621318406
0.5842790621318406 0.8520503818216794
0.8520503818216794 0.3880381421575928
0.3880381421575928 0.18179445375939274
0.18179445375939274 0.7697720988086246
0.7697720988086246 0.7523276577216791
0.7523276577216791 0.5366118355002721
0.5366118355002721 0.8800080263281576
0.8800080263281576 0.16239845573929035
0.16239845573929035 0.8882970164427535
0.8882970164427535 0.11099691404139422
0.11099691404139422 0.525175193358886
0.525175193358886 0.15767507952682958
0.15767507952682958 0.47908750275317624
0.47908750275317624 0.17236482433953637
0.17236482433953637 0.6138757009429026
0.6138757009429026 0.4083798617779397
0.4083798617779397 0.11092163411783251
0.11092163411783251 0.06430596748644124
0.06430596748644124 0.3654574050410133
0.3654574050410133 0.03902346759788111
0.03902346759788111 0.7742247763396621
0.7742247763396621 0.6041869093143828
0.6041869093143828 0.3009825204337373
0.3009825204337373 0.7706634696048191
0.7706634696048191 0.2757507061645659
0.2757507061645659 0.9607010929330801
0.9607010929330801 0.6107773862434582
0.6107773862434582 0.2683759426765866
0.2683759426765866 0.9556916625463334
0.9556916625463334 0.15769215089263033
0.15769215089263033 0.1604721581359232
0.1604721581359232 0.7917546892321248
0.7917546892321248 0.29364876415336094
0.29364876415336094 0.5465331316466462
0.5465331316466462 0.0309556654501959
0.0309556654501959 0.46759943957609096
0.46759943957609096 0.905186376899378
0.905186376899378 0.1680504539394838
0.1680504539394838 0.3523865427178072
0.3523865427178072 0.14432790109561222
0.14432790109561222 0.9796285469021635
0.9796285469021635 0.6263553953343157
0.6263553953343157 0.6235205603307061
0.6235205603307061 0.6377106252209823
0.6377106252209823 0.7058448001634829
0.7058448001634829 0.5893927927574492
0.5893927927574492 0.8754726637294894
0.8754726637294894 0.6375196453937788
0.6375196453937788 0.3740693661862089
0.3740693661862089 0.7368056154717573
0.7368056154717573 0.5960948597714153
0.5960948597714153 0.5281683408247138
0.5281683408247138 0.8666533804150766
0.8666533804150766 0.7526417937121888
0.7526417937121888 0.36826060531217664
0.36826060531217664 0.24247310408858125
0.24247310408858125 0.9061158947485524
0.9061158947485524 0.3688022434429108
0.3688022434429108 0.11639882348153274
0.11639882348153274 0.36057569880262363
0.36057569880262363 0.207044330150993
0.207044330150993 0.5656516072220694
0.5656516072220694 0.7535860697815813
0.7535860697815813 0.4318932341940074
0.4318932341940074 0.14619039795147604
0.14619039795147604 0.9497348799933085
0.9497348799933085 0.5466037422801926
0.5466037422801926 0.6019503144004328
0.6019503144004328 0.016392727157213294
0.016392727157213294 0.6995398510279445
0.6995398510279445 0.5111466330354597
0.5111466330354597 0.4749060268109808
0.4749060268109808 0.05858238104100533
0.05858238104100533 0.9573201802491446
0.9573201802491446 0.27191876533592607
0.27191876533592607 0.701975070532304
0.701975070532304 0.04933131752841424
0.04933131752841424 0.3532589011340459
0.3532589011340459 0.21164439519320122
0.21164439519320122 0.5571442255175616
0.5571442255175616 0.5813788277597658
0.5813788277597658 0.8833296027137529
0.8833296027137529 0.847914278399226
0.847914278399226 0.9345675025554688
0.9345675025554688 0.04355194794822559
0.04355194794822559 0.520257392010075
0.520257392010075 0.323541632899802
0.323541632899802 0.43973481644610324
0.43973481644610324 0.6351856553808948
0.6351856553808948 0.5388372514536175
0.5388372514536175 0.3390718462722533
0.3390718462722533 0.7468158118804071
0.7468158118804071 0.8667709461340722
0.8667709461340722 0.2710807113157023
0.2710807113157023 0.11550264285033562
0.11550264285033562 0.9122059516643302
0.9122059516643302 0.23862405117273133
0.23862405117273133 0.7180037453696655
0.7180037453696655 0.0034641183074994863
0.0034641183074994863 0.8533670782226741
0.8533670782226741 0.344923099329852
0.344923099329852 0.6088163369006176
0.6088163369006176 0.5044579157391929
0.5044579157391929 0.49377841099652114
0.49377841099652114 0.2881969320943152
0.2881969320943152 0.37226932176042604
0.37226932176042604 0.5690039310295705
0.5690039310295705 0.8779220092682931
0.8779220092682931 0.7107279795550012
0.7107279795550012 0.9442615722435694
0.9442615722435694 0.08958587421514608
0.08958587421514608 0.770807310062618
0.770807310062618 0.4037728975428103
0.4037728975428103 0.33115382578818675
0.33115382578818675 0.49839987120459783
0.49839987120459783 0.8418580906628611
0.8418580906628611 0.6147926657786638
0.6147926657786638 0.20522625456702137
0.20522625456702137 0.5664790888174913
0.5664790888174913 0.6668693850870184
0.6668693850870184 0.907250591011179
0.907250591011179 0.4066055948017593
0.4066055948017593 0.35253594557265067
0.35253594557265067 0.8400324141502763
0.8400324141502763 0.016643524107998964
0.016643524107998964 0.04399485324250163
0.04399485324250163 0.2381858587009842
0.2381858587009842 0.1591103342846587
0.1591103342846587 0.5097111575048288
0.5097111575048288 0.8260189510404563
0.8260189510404563 0.9013999099219753
0.9013999099219753 0.5597010630837955
0.5597010630837955 0.31970750929070935
0.31970750929070935 0.518902702685927
0.518902702685927 0.5184179792073622
0.5184179792073622 0.10029223579314372
0.10029223579314372 0.0574826757975222
0.0574826757975222 0.2858604175840216
0.2858604175840216 0.3417630604378017
0.3417630604378017 0.7551933427016022
0.7551933427016022 0.797333891559874
0.797333891559874 0.9345893255353573
0.9345893255353573 0.6419303030897172
0.6419303030897172 0.6165859047474642
0.6165859047474642 0.9097713073930381
0.9097713073930381 0.7566051461594945
0.7566051461594945 0.36698635836371807
0.36698635836371807 0.27518792406609305
0.27518792406609305 0.3890799832037808
0.3890799832037808 0.034229382256036445
0.034229382256036445 0.3132339228529386
0.3132339228529386 0.4983503919202958
0.4983503919202958 0.4280260208531175
0.4280260208531175 0.4278902726673478
0.4278902726673478 0.10272575690796515
0.10272575690796515 0.5331207896154231
0.5331207896154231 0.661065237868689
0.661065237868689 0.5981304856251042
0.5981304856251042 0.14905150965296565
0.14905150965296565 0.8929174062465335
0.8929174062465335 0.3234445730567108
0.3234445730567108 0.9366804340527117
0.9366804340527117 0.06015390512898611
0.06015390512898611 0.1809838343197503
0.1809838343197503 0.6613222021697753
0.6613222021697753 0.9261766513658414
0.9261766513658414 0.03335553736443675
0.03335553736443675 0.5069165169763148
0.5069165169763148 0.33761978756050715
0.33761978756050715 0.489292500423538
0.489292500423538 0.1855905870112644
0.1855905870112644 0.9338430209266055
0.9338430209266055 0.7578136407795539
0.7578136407795539 0.5395957985002942
0.5395957985002942 0.342802031408054
0.342802031408054 0.9512494704874119
0.9512494704874119 0.2875125930784712
0.2875125930784712 0.8570316785571597
0.8570316785571597 0.879976950382866
0.879976950382866 0.3611652342998617
0.3611652342998617 0.6137766506339246
0.6137766506339246 0.6817308689015404
0.6817308689015404 0.6306975178643999
0.6306975178643999 0.5567805315225647
0.5567805315225647 0.19449302902404075
0.19449302902404075 0.6903603804036607
0.6903603804036607 0.7662171845459222
0.7662171845459222 0.200967267035276
0.200967267035276 0.5087787721644519
0.5087787721644519 0.3243282448326288
0.3243282448326288 0.6628048501056114
0.6628048501056114 0.5085680424225081
0.5085680424225081 0.5256377344029378
0.5256377344029378 0.8090624230364898
0.8090624230364898 0.6105199604034806
0.6105199604034806 0.3203901453380835
0.3203901453380835 0.805857414358071
0.805857414358071 0.36334003725939
0.36334003725939 0.5116330255758286
0.5116330255758286 0.8590805805287944
0.8590805805287944 0.9559666889486024
0.9559666889486024 0.7374264501630039
0.7374264501630039 0.2557481778054853
0.2557481778054853 0.35916458472029467
0.35916458472029467 0.2576515347066519
0.2576515347066519 0.6584910087938789
0.6584910087938789 0.38814483629625296
0.38814483629625296 0.949622251470511
0.949622251470511 0.6984951708617919
0.6984951708617919 0.27215387235386945
0.27215387235386945 0.4638007932787236
0.4638007932787236 0.8419321211133277
0.8419321211133277 0.6259143752132832
0.6259143752132832 0.6429715294187575
0.6429715294187575 0.6664236150983363
0.6664236150983363 0.03945229712652898
0.03945229712652898 0.5926197335834866
0.5926197335834866 0.9119510799540196
0.9119510799540196 0.10635913516871742
0.10635913516871742 0.762307391693041
0.762307391693041 0.9054499644864294
0.9054499644864294 0.2970266782179829
0.2970266782179829 0.9436621195754528
0.9436621195754528 0.36483143089852854
0.36483143089852854 0.5022276971069963
0.5022276971069963 0.2443893815066227
0.2443893815066227 0.7014569712801364
0.7014569712801364 0.09674460885817027
0.09674460885817027 0.10465808096675389
0.10465808096675389 0.973696812389401
0.973696812389401 0.6043613960099832
0.6043613960099832 0.9967767396555347
0.9967767396555347 0.565906154908407
0.565906154908407 0.21520716242647753
0.21520716242647753 0.5509007092577032
0.5509007092577032 0.6201497054086513
0.6201497054086513 0.44520025520028295
0.44520025520028295 0.19758994647638195
0.19758994647638195 0.8398873356370002
0.8398873356370002 0.9609300026583694
0.9609300026583694 0.996214384023282
0.996214384023282 0.6299642323539547
0.6299642323539547 0.7039478601364937
0.7039478601364937 0.17155346771237623
0.17155346771237623 0.6530811108409136
0.6530811108409136 0.47591207065844543
0.47591207065844543 0.7623876506185396
0.7623876506185396 0.8236514701878355
0.8236514701878355 0.7534917010608435
0.7534917010608435 0.9355735497887541
0.9355735497887541 0.44722856711215586
0.44722856711215586 0.6902926200526386
0.6902926200526386 0.5076356365250194
0.5076356365250194 0.292568742936105
0.292568742936105 0.9864258734845373
0.9864258734845373 0.8092558135511709
0.8092558135511709 0.3151887835408429
0.3151887835408429 0.9778272461777924
0.9778272461777924 0.07289591605701062
0.07289591605701062 0.9591712849659717
0.9591712849659717 0.8232996436570637
0.8232996436570637 0.42537910770444887
0.42537910770444887 0.5198226257479868
0.5198226257479868 0.7131920235105258
0.7131920235105258 0.5408187480479913
0.5408187480479913 0.7309763216082228
0.7309763216082228 0.9338702877974814
0.9338702877974814 0.7435634020672093
0.7435634020672093 0.3257330679566812
0.3257330679566812 0.026106640511918133
0.026106640511918133 0.18939141590121578
0.18939141590121578 0.4001834955572072
0.4001834955572072 0.7471727456709147
0.7471727456709147 0.05818397511239537
0.05818397511239537 0.8459093471806858
0.8459093471806858 0.5520946948171142
0.5520946948171142 0.5677460388246316
0.5677460388246316 0.9751764869082216
0.9751764869082216 0.005393373307641891
0.005393373307641891 0.23898065467411023
0.23898065467411023 0.921183138127159
0.921183138127159 0.7882336786173473
0.7882336786173473 0.16923107826414263
0.16923107826414263 0.9187487992910077
0.9187487992910077 0.9519204303289825
0.9519204303289825 0.013573197045660734
0.013573197045660734 0.34546777589007327
0.34546777589007327 0.7854399177550708
0.7854399177550708 0.3345973642429241
0.3345973642429241 0.9861439493327357
0.9861439493327357 0.3482319540483445
0.3482319540483445 0.3285782501961001
0.3285782501961001 0.14959097364614093
0.14959097364614093 0.8984256622732776
0.8984256622732776 0.8670850683747005
0.8670850683747005 0.9705637905235402
0.9705637905235402 0.7112494525632824
0.7112494525632824 0.09941309578581636
0.09941309578581636 0.5496097041026586
0.5496097041026586 0.9469841965111828
0.9469841965111828 0.39588242960341535
0.39588242960341535 0.24490148896974406
0.24490148896974406 0.8978979452349758
0.8978979452349758 0.3565447631686236
0.3565447631686236 0.7448198813594058
0.7448198813594058 0.9149771478253848
0.9149771478253848 0.371277869703043
0.371277869703043 0.039777902581582314
0.039777902581582314 0.5069907706881884
0.5069907706881884 0.888725104526228
0.888725104526228 0.7756163280003019
0.7756163280003019 0.28062878396953184
0.28062878396953184 0.4186766548059384
0.4186766548059384 0.12759116869034415
0.12759116869034415 0.4457556693476654
0.4457556693476654 0.1412544055588547
0.1412544055588547 0.8317820037053947
0.8317820037053947 0.7621685678195933
0.7621685678195933 0.08951674300714574
0.08951674300714574 0.2607900138793786
0.2607900138793786 0.5233877268447216
0.5233877268447216 0.7720117929545827
0.7720117929545827 0.9248729621634593
0.9248729621634593 0.6110607095825662
0.6110607095825662 0.6134017449029372
0.6134017449029372 0.013264915936853194
0.013264915936853194 0.9673767139122649
0.9673767139122649 0.8998829053650707
0.8998829053650707 0.530113543721646
0.530113543721646 0.6846533752743424
0.6846533752743424 0.12904073309867714
0.12904073309867714 0.9576602424983798
0.9576602424983798 0.8310222416194083
0.8310222416194083 0.2697402172257388
0.2697402172257388 0.9625536986190779
0.9625536986190779 0.0876986216017881
0.0876986216017881 0.7295800012877738
0.7295800012877738 0.17129984328586678
0.17129984328586678 0.2759004437365924
0.2759004437365924 0.9617138340357831
0.9617138340357831 0.8888944641454581
0.8888944641454581 0.7966115305242598
0.7966115305242598 0.7002636679199699
0.7002636679199699 0.7550868502122059
0.7550868502122059 0.347159403383428
0.347159403383428 0.7142461860092097
0.7142461860092097 0.3456448595987949
0.3456448595987949 0.11517715060094735
0.11517715060094735 0.9273980223336051
0.9273980223336051 0.30896879876135475
0.30896879876135475 0.651769376428776
0.651769376428776 0.2043140839222648
0.2043140839222648 0.6524446909289994
0.6524446909289994 0.816975554577227
0.816975554577227 0.947456504359967
0.947456504359967 0.8680207478744615
0.8680207478744615 0.9670765125486982
0.9670765125486982 0.014265903138509062
0.014265903138509062 0.8927767351886606
0.8927767351886606 0.8067140285206591
0.8067140285206591 0.7698610821018022
0.7698610821018022 0.7577379398897173
0.7577379398897173 0.37688346575614773
0.37688346575614773 0.2586072219699558
0.2586072219699558 0.7030879914340576
0.7030879914340576 0.5455333267052831
0.5455333267052831 0.027950679802293044
0.027950679802293044 0.14490344370889963
0.14490344370889963 0.9007924896872559
0.9007924896872559 0.40369683543692014
0.40369683543692014 0.7923784797615414
0.7923784797615414 0.8764977874646376
0.8764977874646376 0.9434213466264825
0.9434213466264825 0.930185743975797
0.930185743975797 0.37515257669972435
0.37515257669972435 0.16942507961653552
0.16942507961653552 0.7080413345580887
0.7080413345580887 0.807972196273711
0.807972196273711 0.8628724463594866
0.8628724463594866 0.7110072862187851
0.7110072862187851 0.15025468939631192
0.15025468939631192 0.8461892633337706
0.8461892633337706 0.324614241635079
0.324614241635079 0.5697169277724519
0.5697169277724519 0.6185186210361915
0.6185186210361915 0.7844595964418041
0.7844595964418041 0.1648378083766575
0.1648378083766575 0.043002428233778645
0.043002428233778645 0.51861214484255
0.51861214484255 0.4244164028089956
0.4244164028089956 0.8923107857265413
0.8923107857265413 0.5684444114570157
0.5684444114570157 0.3159386637430215
0.3159386637430215 0.6169368038715111
0.6169368038715111 0.5121810576906101
0.5121810576906101 0.7748350359130952
0.7748350359130952 0.640460397437987
0.640460397437987 0.2528588758629997
0.2528588758629997 0.4225861753365905
0.4225861753365905 0.10600532741274948
0.10600532741274948 0.7699301208696818
0.7699301208696818 0.754950670129185
0.754950670129185 0.35690769048875604
0.35690769048875604 0.7125133919769647
0.7125133919769647 0.4116177601213309
0.4116177601213309 0.78889133928012
0.78889133928012 0.2285241902195989
0.2285241902195989 0.37216231112828146
0.37216231112828146 0.5723053361347934
0.5723053361347934 0.8624462456635339
0.8624462456635339 0.10836146179928674
0.10836146179928674 0.6527552192025952
0.6527552192025952 0.9054429902032378
0.9054429902032378 0.14236999009430784
0.14236999009430784 0.9720400546157868
0.9720400546157868 0.8450127618796506
0.8450127618796506 0.8391469820822246
0.8391469820822246 0.4275853203538871
0.4275853203538871 0.30961585181977824
0.30961585181977824 0.6697503060611223
0.6697503060611223 0.16533592438465705
0.16533592438465705 0.6247138788679654
0.6247138788679654 0.20057884268991977
0.20057884268991977 0.9814245042953246
0.9814245042953246 0.6764272394300477
0.6764272394300477 0.723411340364599
0.723411340364599 0.33817711924414784
0.33817711924414784 0.6495025245898813
0.6495025245898813 0.2598173887751407
0.2598173887751407 0.7491638775104859
0.7491638775104859 0.2231414203685107
0.2231414203685107 0.6544569289488777
0.6544569289488777 0.6788345143070802
0.6788345143070802 0.9988839545136374
0.9988839545136374 0.5292261664877975
0.5292261664877975 0.11968153564181172
0.11968153564181172 0.34677750917428307
0.34677750917428307 0.19467828263550624
0.19467828263550624 0.31876968991990395
0.31876968991990395 0.37751335950824205
0.37751335950824205 0.7499231099913495
0.7499231099913495 0.6840197608318636
0.6840197608318636 0.04515823636911742
0.04515823636911742 0.1315967113961718
0.1315967113961718 0.30325192554602953
0.30325192554602953 0.6296957526629381
0.6296957526629381 0.9893576827847694
0.9893576827847694 0.12748334030998
0.12748334030998 0.9154491300625801
0.9154491300625801 0.5200562088795597
0.5200562088795597 0.5611313178007156
0.5611313178007156 0.7578888019415686
0.7578888019415686 0.08214143491155523
0.08214143491155523 0.6513284805561144
0.6513284805561144 0.8458171350463785
0.8458171350463785 0.5274341081414535
0.5274341081414535 0.2588967324174023
0.2588967324174023 0.7471066396403783
0.7471066396403783 0.9646166099201807
0.9646166099201807 0.17763466354901736
0.17763466354901736 0.11079445914422736
0.11079445914422736 0.0038669942658517975
0.0038669942658517975 0.2953546375332923
0.2953546375332923 0.023957567557401305
0.023957567557401305 0.31672749145173107
0.31672749145173107 0.877313807005359
0.877313807005359 0.8890675730993436
0.8890675730993436 0.4962451901009959
0.4962451901009959 0.9157141770015076
0.9157141770015076 0.5690064041447511
0.5690064041447511 0.42156298243203594
0.42156298243203594 0.3956002196965016
0.3956002196965016 0.3759477226743613
0.3759477226743613 0.7933889927777702
0.7933889927777702 0.04491615015562367
0.04491615015562367 0.024041292602419162
0.024041292602419162 0.8981077143740614
0.8981077143740614 0.32641192972068644
0.32641192972068644 0.06906342614496586
0.06906342614496586 0.4184175362860234
0.4184175362860234 0.9714084470929438
0.9714084470929438 0.8026771508777748
0.8026771508777748 0.2997140799383935
0.2997140799383935 0.40009631146908653
0.40009631146908653 0.5923623369202926
0.5923623369202926 0.02149931457330334
0.02149931457330334 0.3814269449532821
0.3814269449532821 0.08824470136916918
0.08824470136916918 0.16790570942045613
0.16790570942045613 0.11577963502735189
0.11577963502735189 0.40694488852188115
0.40694488852188115 0.6049145994257026
0.6049145994257026 0.10800074893330058
0.10800074893330058 0.8062983273602868
0.8062983273602868 0.7830564989242768
0.7830564989242768 0.6708077093862972
0.6708077093862972 0.7308908089807832
0.7308908089807832 0.1699835636167859
0.1699835636167859 0.3772625842934798
0.3772625842934798 0.5180744258050181
0.5180744258050181 0.16118751953135924
0.16118751953135924 0.1763878230802023
0.1763878230802023 0.6473670328476904
0.6473670328476904 0.05182918646955681
0.05182918646955681 0.42843112739557254
0.42843112739557254 0.2841926364951677
0.2841926364951677 0.9609803699763622
0.9609803699763622 0.8106941280685751
0.8106941280685751 0.31625393113130995
0.31625393113130995 0.8170608490021825
0.8170608490021825 0.792976834873333
0.792976834873333 0.8911339146651525
0.8911339146651525 0.5652343371643394
0.5652343371643394 0.8093927698739705
0.8093927698739705 0.950648563381324
0.950648563381324 0.42534931347228655
0.42534931347228655 0.6360015223296518
0.6360015223296518 0.6191536948313373
0.6191536948313373 0.8816376173909926
0.8816376173909926 0.9313888793743264
0.9313888793743264 0.02772682549256622
0.02772682549256622 0.28104466070492684
0.28104466070492684 0.5757518889858176
0.5757518889858176 0.7975285427757814
0.7975285427757814 0.5702478928038572
0.5702478928038572 0.2133442789274016
0.2133442789274016 0.7749831676635037
0.7749831676635037 0.8534639403134809
0.8534639403134809 0.6819757680988534
0.6819757680988534 0.1274410799872887
0.1274410799872887 0.9390698835231394
0.9390698835231394 0.47595659378485444
0.47595659378485444 0.5749898379717238
0.5749898379717238 0.08587792192920318
0.08587792192920318 0.8039954178290627
0.8039954178290627 0.2560340106782315
0.2560340106782315 0.30416756945214973
0.30416756945214973 0.4714404393442866
0.4714404393442866 0.9561694871089284
0.9561694871089284 0.83069025457013
0.83069025457013 0.09869143192964636
0.09869143192964636 0.5005173047714528
0.5005173047714528 0.8560464483512773
0.8560464483512773 0.8801243517424546
0.8801243517424546 0.9417996284921356
0.9417996284921356 0.358440185626812
0.358440185626812 0.2964909823382138
0.2964909823382138 0.8243562022177344
0.8243562022177344 0.37852054987323935
0.37852054987323935 0.7776015043227205
0.7776015043227205 0.31523249791189034
0.31523249791189034 0.8452974227083064
0.8452974227083064 0.43806979733651996
0.43806979733651996 0.6481505832419338
0.6481505832419338 0.06792568918418218
0.06792568918418218 0.28988989509463026
0.28988989509463026 0.9784425668400794
0.9784425668400794 0.3826077760423523
0.3826077760423523 0.41000972026412574
0.41000972026412574 0.18755957830797976
0.18755957830797976 0.5299054647728503
0.5299054647728503 0.7418845353891668
0.7418845353891668 0.6135088815818373
0.6135088815818373 0.6549256851807082
0.6549256851807082 0.103093625054965
0.103093625054965 0.4443386809831813
0.4443386809831813 0.9896972201911898
0.9896972201911898 0.6859205782831017
0.6859205782831017 0.8361701934912833
0.8361701934912833 0.31918586752682243
0.31918586752682243 0.5488752385219695
0.5488752385219695 0.36459033057528223
0.36459033057528223 0.7062347733360859
0.7062347733360859 0.8530793851245714
0.8530793851245714 0.5394276148800117
0.5394276148800117 0.012615899045935075
0.012615899045935075 0.8515219680154053
0.8515219680154053 0.7903781379488032
0.7903781379488032 0.25377215742136383
0.25377215742136383 0.5350553591770426
0.5350553591770426 0.38707547465941694
0.38707547465941694 0.3814938879159704
0.3814938879159704 0.869676005678323
0.869676005678323 0.5932712182268574
0.5932712182268574 0.3289002046259766
0.3289002046259766 0.6034315191111861
0.6034315191111861 0.5986021200373923
0.5986021200373923 0.04230617562948957
0.04230617562948957 0.8607108732430213
0.8607108732430213 0.9066111671230109
0.9066111671230109 0.38270058183056954
0.38270058183056954 0.3752461504395348
0.3752461504395348 0.3408975737166262
0.3408975737166262 0.7548225811275628
0.7548225811275628 0.7690662407193019
0.7690662407193019 0.489005896527752
0.489005896527752 0.9297975988606304
0.9297975988606304 0.3771591454341743
0.3771591454341743 0.8205489767467078
0.8205489767467078 0.9732764004419322
0.9732764004419322 0.9069919412661132
0.9069919412661132 0.2401589110935132
0.2401589110935132 0.987715324013977
0.987715324013977 0.4639704909835578
0.4639704909835578 0.8150327301471154
0.8150327301471154 0.8210633512844677
0.8210633512844677 0.9180826715301846
0.9180826715301846 0.9091539017130639
0.9091539017130639 0.9467959981142469
0.9467959981142469 0.9887387435609778
0.9887387435609778 0.2591502567272772
0.2591502567272772 0.6664302040714483
0.6664302040714483 0.967228689939007
0.967228689939007 0.24760303877154555
0.24760303877154555 0.4627854644464051
0.4627854644464051 0.3140187762590869
0.3140187762590869 0.7230993319475196
0.7230993319475196 0.42851689380673785
0.42851689380673785 0.551615907236751
0.551615907236751 0.2037127741900031
0.2037127741900031 0.2637479793267983
0.2637479793267983 0.8115559439212285
0.8115559439212285 0.8474177085319687
0.8474177085319687 0.8613249832108663
0.8613249832108663 0.8653324452495399
0.8653324452495399 0.2047353742244793
0.2047353742244793 0.7055384567682805
0.7055384567682805 0.9842761105433238
0.9842761105433238 0.7496774468366287
0.7496774468366287 0.42094081896096514
0.42094081896096514 0.6614097648108219
0.6614097648108219 0.7539694722945711
0.7539694722945711 0.5313881362437416
0.5313881362437416 0.17250997125038614
0.17250997125038614 0.5877794258332971
0.5877794258332971 0.5478915841473242
0.5478915841473242 0.6382404996669693
0.6382404996669693 0.9121752761189987
0.9121752761189987 0.049204850090009744
0.049204850090009744 0.4304712182694752
0.4304712182694752 0.35148141506793795
0.35148141506793795 0.7324009470170156
0.7324009470170156 0.3791893363279022
0.3791893363279022 0.9828516020577542
0.9828516020577542 0.9870334571910782
0.9870334571910782 0.48914079195514626
0.48914079195514626 0.7046474109011831
0.7046474109011831 0.8428635808630869
0.8428635808630869 0.8342453190315644
0.8342453190315644 0.5292105431526339
0.5292105431526339 0.4359912202203633
0.4359912202203633 0.22120012053576854
0.22120012053576854 0.33802656073961135
0.33802656073961135 0.8314026451396825
0.8314026451396825 0.5942794212734537
0.5942794212734537 0.8872666566315669
0.8872666566315669 0.27020612017093093
0.27020612017093093 0.6876307328203612
0.6876307328203612 0.5071164023547314
0.5071164023547314 0.21666940037666382
0.21666940037666382 0.05568615034912261
0.05568615034912261 0.19028503767911964
0.19028503767911964 0.3844027385699511
0.3844027385699511 0.9937212256636077
0.9937212256636077 0.0017530370952565377
0.0017530370952565377 0.754909665228789
0.754909665228789 0.36590525669068086
0.36590525669068086 0.7793412508050712
0.7793412508050712 0.383664797988039
0.383664797988039 0.3665019178591433
0.3665019178591433 0.5997501438228775
0.5997501438228775 0.727117456060431
0.727117456060431 0.9785109593003756
0.9785109593003756 0.48776172833297826
0.48776172833297826 0.6483952841299684
0.6483952841299684 0.1293881835408781
0.1293881835408781 0.9971577319776465
0.9971577319776465 0.7081411386974252
0.7081411386974252 0.6990713399145849
0.6990713399145849 0.6128260721786081
0.6128260721786081 0.462827714433903
0.462827714433903 0.7643403747830426
0.7643403747830426 0.807782619543807
0.807782619543807 0.011405199667066768
0.011405199667066768 0.9914460119809483
0.9914460119809483 0.5339027681942927
0.5339027681942927 0.7196004115488319
0.7196004115488319 0.8541248049473982
0.8541248049473982 0.5758052419452113
0.5758052419452113 0.6937101439266669
0.6937101439266669 0.27559910583108893
0.27559910583108893 0.9830314919315604
0.9830314919315604 0.6584327371411653
0.6584327371411653 0.8405786110512543
0.8405786110512543 0.9611774510866867
0.9611774510866867 0.8701290823637677
0.8701290823637677 0.6462557388933439
0.6462557388933439 0.7683624149527235
0.7683624149527235 0.54097380206231
0.54097380206231 0.7764922500506697
0.7764922500506697 0.8459199819074772
0.8459199819074772 0.15305540685278696
0.15305540685278696 0.03471417946423827
0.03471417946423827 0.22831078647407121
0.22831078647407121 0.08266270777759077
0.08266270777759077 0.8130463799243797
0.8130463799243797 0.8195430504699437
0.8195430504699437 0.21644142967749946
0.21644142967749946 0.5004571954706132
0.5004571954706132 0.09351884372181196
0.09351884372181196 0.6751104411334463
0.6751104411334463 0.6672882221054259
0.6672882221054259 0.2401036386491735
0.2401036386491735 0.5258319715158457
0.5258319715158457 0.18246781854950656
0.18246781854950656 0.3711770165162789
0.3711770165162789 0.862688761607417
0.862688761607417 0.5605521382516705
0.5605521382516705 0.7093632528975307
0.7093632528975307 0.46426457287869827
0.46426457287869827 0.5177990926812095
0.5177990926812095 0.05309025047232785
0.05309025047232785 0.2982667191692019
0.2982667191692019 0.0032447545324649774
0.0032447545324649774 0.4873917730384568
0.4873917730384568 0.9221372484040409
0.9221372484040409 0.977746457744305
0.977746457744305 0.22109152910667973
0.22109152910667973 0.6726983266582636
0.6726983266582636 0.9017051144655177
0.9017051144655177 0.6213071683213267
0.6213071683213267 0.8957505884056514
0.8957505884056514 0.8531645361518785
0.8531645361518785 0.33418429211027023
0.33418429211027023 0.9091533302832209
0.9091533302832209 0.8885267767494185
0.8885267767494185 0.8937204028048388
0.8937204028048388 0.15020594257661934
0.15020594257661934 0.5392918580442296
0.5392918580442296 0.05386877619693076
0.05386877619693076 0.595431632904383
0.595431632904383 0.8415376032208599
0.8415376032208599 0.2908245146879933
0.2908245146879933 0.8131335251579946
0.8131335251579946 0.10702937366445209
0.10702937366445209 0.41339533453365185
0.41339533453365185 0.39222100248858105
0.39222100248858105 0.4933355216882622
0.4933355216882622 0.8788239627508956
0.8788239627508956 0.15934235803439423
0.15934235803439423 0.8888314165264448
0.8888314165264448 0.106898172630425
0.106898172630425 0.9331083188276688
0.9331083188276688 0.9989569580596425
0.9989569580596425 0.47605431465563797
0.47605431465563797 0.6320596072692004
0.6320596072692004 0.558564842680819
0.558564842680819 0.6263462026257636
0.6263462026257636 0.20920259270267572
0.20920259270267572 0.5353411215421886
0.5353411215421886 0.027135210168065083
0.027135210168065083 0.05811598084777403
0.05811598084777403 0.4799476159752447
0.4799476159752447 0.2993037991350318
0.2993037991350318 0.8069584804053584
0.8069584804053584 0.7196135869980744
0.7196135869980744 0.1177791357294784
0.1177791357294784 0.1579839919973156
0.1579839919973156 0.9439772857211839
0.9439772857211839 0.9784144071934802
0.9784144071934802 0.6304791152161082
0.6304791152161082 0.1548556276516604
0.1548556276516604 0.7245356863266201
0.7245356863266201 0.23668337617954904
0.23668337617954904 0.03157944396930379
0.03157944396930379 0.27419008781975807
0.27419008781975807 0.7957639680690434
0.7957639680690434 0.20705617229759565
0.20705617229759565 0.6197117401425636
0.6197117401425636 0.20148034307082519
0.20148034307082519 0.14988207922181607
0.14988207922181607 0.12003420555585498
0.12003420555585498 0.3963618033266483
0.3963618033266483 0.08441758452042114
0.08441758452042114 0.48525693647857837
0.48525693647857837 0.5285644883681337
0.5285644883681337 0.7439062460093557
0.7439062460093557 0.9825259248947635
0.9825259248947635 0.6765072414198485
0.6765072414198485 0.8953278490211114
0.8953278490211114 0.6604655290076527
0.6604655290076527 0.13663344976068492
0.13663344976068492 0.7940436354516565
0.7940436354516565 0.6485645028200602
0.6485645028200602 0.3319422712388871
0.3319422712388871 0.8500724643143998
0.8500724643143998 0.9039369890102016
0.9039369890102016 0.2968460588488826
0.2968460588488826 0.4459488084732197
0.4459488084732197 0.9442949730053221
0.9442949730053221 0.07003103102710151
0.07003103102710151 0.3626153817521889
0.3626153817521889 0.39641260990065286
0.39641260990065286 0.969527561252002
0.969527561252002 0.6740494315219123
0.6740494315219123 0.7966378829360901
0.7966378829360901 0.29836444070831325
0.29836444070831325 0.5121779853537745
0.5121779853537745 0.9020344390683481
0.9020344390683481 0.6045552332913569
0.6045552332913569 0.28565901113882264
0.28565901113882264 0.025617233661611394
0.025617233661611394 0.910531864359007
0.910531864359007 0.3899297107818769
0.3899297107818769 0.5507337343864107
0.5507337343864107 0.8553861409585282
0.8553861409585282 0.4995402831466702
0.4995402831466702 0.7823895191469221
0.7823895191469221 0.6133434095460795
0.6133434095460795 0.2691151684209341
0.2691151684209341 0.2368245747476525
0.2368245747476525 0.7516694033564293
0.7516694033564293 0.4877693156042789
0.4877693156042789 0.6289789247379767
0.6289789247379767 0.6498432327414828
0.6498432327414828 0.169136550204676
0.169136550204676 0.0018345797629177873
0.0018345797629177873 0.10211908774254175
0.10211908774254175 0.970571437474135
0.970571437474135 0.7847302536430428
0.7847302536430428 0.6224582312603122
0.6224582312603122 0.22399073535914527
0.22399073535914527 0.2837099817847317
0.2837099817847317 0.6825642922446413
0.6825642922446413 0.18488494151814283
0.18488494151814283 0.1984536429592958
0.1984536429592958 0.09367388036676005
0.09367388036676005 0.4072213287450719
0.4072213287450719 0.7973503104455046
0.7973503104455046 0.9200980980535391
0.9200980980535391 0.7789699107914576
0.7789699107914576 0.21244672380352414
0.21244672380352414 0.48084648086091897
0.48084648086091897 0.13549290851725004
0.13549290851725004 0.8097545603147851
0.8097545603147851 0.3333323208889496
0.3333323208889496 0.6722432726168855
0.6722432726168855 0.4747021693971625
0.4747021693971625 0.935589986408206
0.935589986408206 0.3867745020753066
0.3867745020753066 0.42560445219091725
0.42560445219091725 0.0578534100590935
0.0578534100590935 0.7864008846528097
0.7864008846528097 0.6919492967370284
0.6919492967370284 0.676017581972097
0.676017581972097 0.5001106206305077
0.5001106206305077 0.10407963810212073
0.10407963810212073 0.6395551615836061
0.6395551615836061 0.12536166217742095
0.12536166217742095 0.6063443870839422
0.6063443870839422 0.4690655394750214
0.4690655394750214 0.21365156458097534
0.21365156458097534 0.4251939964060145
0.4251939964060145 0.6419686699271172
0.6419686699271172 0.8311424038105641
0.8311424038105641 0.5901797371246973
0.5901797371246973 0.31664045764276016
0.31664045764276016 0.9544036907040112
0.9544036907040112 0.5676809645113006
0.5676809645113006 0.9736109632488382
0.9736109632488382 0.9825229705518559
0.9825229705518559 0.4631608620865024
0.4631608620865024 0.48218222128065613
0.48218222128065613 0.11601366612422837
0.11601366612422837 0.36306253536581945
0.36306253536581945 0.6939530241685108
0.6939530241685108 0.3973418255502761
0.3973418255502761 0.08850090905140462
0.08850090905140462 0.6603089438318925
0.6603089438318925 0.28316878123266465
0.28316878123266465 0.7297073375566683
0.7297073375566683 0.3395540905296279
0.3395540905296279 0.03709786755145883
0.03709786755145883 0.5433534573708165
0.5433534573708165 0.4759980428200443
0.4759980428200443 0.9566804796723456
0.9566804796723456 0.29776618918773456
0.29776618918773456 0.08303917096383695
0.08303917096383695 0.6190276927240839
0.6190276927240839 0.05563731805518324
0.05563731805518324 0.37106904368934646
0.37106904368934646 0.9663331040108556
0.9663331040108556 0.6260004783158064
0.6260004783158064 0.5269038163877575
0.5269038163877575 0.46107742546248875
0.46107742546248875 0.9077362603680353
0.9077362603680353 0.19287659127999257
0.19287659127999257 0.07586878444155332
0.07586878444155332 0.011636746627051053
0.011636746627051053 0.2796058517642841
0.2796058517642841 0.596073481217831
0.596073481217831 0.3997725193077182
0.3997725193077182 0.7684385053807814
0.7684385053807814 0.613042952473934
0.613042952473934 0.11590496943542572
0.11590496943542572 0.369816524824512
0.369816524824512 0.5842361889166647
0.5842361889166647 0.1513501645984212
0.1513501645984212 0.6924538448197008
0.6924538448197008 0.80371437021421
0.80371437021421 0.7462953360584477
0.7462953360584477 0.3397757639557146
0.3397757639557146 0.7851430493172473
0.7851430493172473 0.5009242576097819
0.5009242576097819 0.06638107803159521
0.06638107803159521 0.6280751935966744
0.6280751935966744 0.4466664417377406
0.4466664417377406 0.17315302081810469
0.17315302081810469 0.4448886776008705
0.4448886776008705 0.9739457755233969
0.9739457755233969 0.13981769641661845
0.13981769641661845 0.4387092543494262
0.4387092543494262 0.8053304279131974
0.8053304279131974 0.7560904271379274
0.7560904271379274 0.4987090263085445
0.4987090263085445 0.4260642062502933
0.4260642062502933 0.197038691335365
0.197038691335365 0.9564517412190201
0.9564517412190201 0.10548164107944391
0.10548164107944391 0.5906631373388052
0.5906631373388052 0.9138354325507785
0.9138354325507785 0.07050612733540484
0.07050612733540484 0.011048622913757189
0.011048622913757189 0.4456126322177558
0.4456126322177558 0.8489032045910521
0.8489032045910521 0.01253425081791848
0.01253425081791848 0.9287516014485668
0.9287516014485668 0.8991047392015012
0.8991047392015012 0.04820856427191078
0.04820856427191078 0.6223681289432534
0.6223681289432534 0.983372161936348
0.983372161936348 0.8426140377232187
0.8426140377232187 0.4276533971424572
0.4276533971424572 0.7421437956402785
0.7421437956402785 0.0016406352801172641
0.0016406352801172641 0.5954529138627236
0.5954529138627236 0.21148998805129615
0.21148998805129615 0.4158800021103133
0.4158800021103133 0.4091394189483719
0.4091394189483719 0.46283280284126427
0.46283280284126427 0.5508705187408067
0.5508705187408067 0.4377638901419876
0.4377638901419876 0.63674909641798
0.63674909641798 0.7568402102524268
0.7568402102524268 0.31605742439897
0.31605742439897 0.5525887106126184
0.5525887106126184 0.6134959613011479
0.6134959613011479 0.300847611831502
0.300847611831502 0.8987191266899202
0.8987191266899202 0.43505109996488533
0.43505109996488533 0.8350447721850334
0.8350447721850334 0.40759167903897087
0.40759167903897087 0.19889415603575533
0.19889415603575533 0.5381494442052439
0.5381494442052439 0.37637112559590563
0.37637112559590563 0.26878787616428723
0.26878787616428723 0.6073049359549558
0.6073049359549558 0.6201838131531404
0.6201838131531404 0.2830407894696356
0.2830407894696356 0.4074397961117726
0.4074397961117726 0.9855997781361121
0.9855997781361121 0.44787142335301944
0.44787142335301944 0.2524532324773783
0.2524532324773783 0.6461805729273205
0.6461805729273205 0.8197965635301185
0.8197965635301185 0.5639349509715319
0.5639349509715319 0.8163433786222922
0.8163433786222922 0.8918972420546316
0.8918972420546316 0.5816813678656816
0.5816813678656816 0.9395208049377075
0.9395208049377075 0.6073838603269692
0.6073838603269692 0.050452723718915626
0.050452723718915626 0.5607724002068575
0.5607724002068575 0.45940049520018444
0.45940049520018444 0.232666618815508
0.232666618815508 0.25966579722605365
0.25966579722605365 0.07943897381299769
0.07943897381299769 0.749871595049961
0.749871595049961 0.5112295942329301
0.5112295942329301 0.07134480997867643
0.07134480997867643 0.4875358243885106
0.4875358243885106 0.016805382646998934
0.016805382646998934 0.9072600704384923
0.9072600704384923 0.8460151038631859
0.8460151038631859 0.9232995763908804
0.9232995763908804 0.15833688164113635
0.15833688164113635 0.901300205418671
0.901300205418671 0.5530115143375638
0.5530115143375638 0.5799680666137885
0.5799680666137885 0.32665902493864896
0.32665902493864896 0.309488691296089
0.309488691296089 0.11650457367070888
0.11650457367070888 0.9909226598124691
0.9909226598124691 0.16514103889005227
0.16514103889005227 0.5283253723374677
0.5283253723374677 0.4646712339576054
0.4646712339576054 0.4181226508067124
0.4181226508067124 0.6016368669845429
0.6016368669845429 0.8411760818944737
0.8411760818944737 0.7130239882159604
0.7130239882159604 0.5334474024741516
0.5334474024741516 0.8247388326452119
0.8247388326452119 0.4800206394386852
0.4800206394386852 0.8609775858857931
0.8609775858857931 0.4637480847202138
0.4637480847202138 0.6249973923783605
0.6249973923783605 0.08270686453447751
0.08270686453447751 0.3808917491029624
0.3808917491029624 0.14768409524487014
0.14768409524487014 0.8068730190566866
0.8068730190566866 0.7628404814986001
0.7628404814986001 0.20577747846544558
0.20577747846544558 0.041332627154880175
0.041332627154880175 0.912784044219118
0.912784044219118 0.10092177089173715
0.10092177089173715 0.32002096432821836
0.32002096432821836 0.8436258943738655
0.8436258943738655 0.7923805349319246
0.7923805349319246 0.5629878208061454
0.5629878208061454 0.8243718783604688
0.8243718783604688 0.8550378629347621
0.8550378629347621 0.7080537072522892
0.7080537072522892 0.9668169351382905
0.9668169351382905 0.6059684692011719
0.6059684692011719 0.6050502355188239
0.6050502355188239 0.9730844135073455
0.9730844135073455 0.5602885744289932
0.5602885744289932 0.8967205312827919
0.8967205312827919 0.3742197561827565
0.3742197561827565 0.13997767559421392
0.13997767559421392 0.02833092738587184
0.02833092738587184 0.16181130349537431
0.16181130349537431 0.7406646425531087
0.7406646425531087 0.3199628635600462
0.3199628635600462 0.5471039737386851
0.5471039737386851 0.7213725580328516
0.7213725580328516 0.12565273898555596
0.12565273898555596 0.9691717167610169
0.9691717167610169 0.32058798710918435
0.32058798710918435 0.5013370156746819
0.5013370156746819 0.9171576043912208
0.9171576043912208 0.975227443968945
0.975227443968945 0.524160386441948
0.524160386441948 0.7006986812681253
0.7006986812681253 0.2899465139615569
0.2899465139615569 0.9514686577698616
0.9514686577698616 0.8496115782842542
0.8496115782842542 0.2848111151525963
0.2848111151525963 0.8288274406264733
0.8288274406264733 0.8637180267953936
0.8637180267953936 0.6548086991210367
0.6548086991210367 0.20034609413806792
0.20034609413806792 0.3315400374445643
0.3315400374445643 0.007922376828152666
0.007922376828152666 0.19354870613628883
0.19354870613628883 0.7725704478334068
0.7725704478334068 0.050075887569237754
0.050075887569237754 0.5367351693160579
0.5367351693160579 0.7301174576275584
0.7301174576275584 0.5086147118817936
0.5086147118817936 0.8717162529247307
0.8717162529247307 0.9835181521013405
0.9835181521013405 0.7556704082864809
0.7556704082864809 0.6128545872898519
0.6128545872898519 0.5760803598580682
0.5760803598580682 0.9673671025934634
0.9673671025934634 0.7886289117834695
0.7886289117834695 0.03216277589082939
0.03216277589082939 0.6017559836560904
0.6017559836560904 0.42186673905106264
0.42186673905106264 0.3452040369558636
0.3452040369558636 0.08410771933123184
0.08410771933123184 0.7286550497006867
0.7286550497006867 0.6956261182069601
0.6956261182069601 0.7388937282414044
0.7388937282414044 0.7328466582399393
0.7328466582399393 0.13078641316738548
0.13078641316738548 0.5158319824032191
0.5158319824032191 0.3811371300966795
0.3811371300966795 0.007480817711183807
0.007480817711183807 0.2716285365894655
0.2716285365894655 0.009116611395248997
0.009116611395248997 0.2661235717938437
0.2661235717938437 0.34209630725442297
0.34209630725442297 0.025081422800332653
0.025081422800332653 0.9984170140529895
0.9984170140529895 0.2154817228638144
0.2154817228638144 0.5220756478778492
0.5220756478778492 0.34405981213403014
0.34405981213403014 0.21628847072854196
0.21628847072854196 0.46356062323869734
0.46356062323869734 0.37243310797646556
0.37243310797646556 0.5983741847921382
0.5983741847921382 0.04747730314174636
0.04747730314174636 0.2128248231350529
0.2128248231350529 0.23407615068090726
0.23407615068090726 0.07673110343856515
0.07673110343856515 0.36363422287433345
0.36363422287433345 0.6549510606575102
0.6549510606575102 0.8550320984388036
0.8550320984388036 0.6742640834243345
0.6742640834243345 0.27306552465607314
0.27306552465607314 0.9821659540551739
0.9821659540551739 0.38486555968604597
0.38486555968604597 0.4201118425454491
0.4201118425454491 0.3976624785502554
0.3976624785502554 0.14285234092389443
0.14285234092389443 0.5525084564974914
0.5525084564974914 0.44303807616698476
0.44303807616698476 0.5504253102748187
0.5504253102748187 0.5648923670874124
0.5648923670874124 0.4830743581894723
0.4830743581894723 0.8973066134521713
0.8973066134521713 0.5005753489613278
0.5005753489613278 0.37833045516670705
0.37833045516670705 0.5722873095210614
0.5722873095210614 0.447022247539657
0.447022247539657 0.5440989241280927
0.5440989241280927 0.8762470921092841
0.8762470921092841 0.18752407390699366
0.18752407390699366 0.4370333331770926
0.4370333331770926 0.7217187554229467
0.7217187554229467 0.6741664954496338
0.6741664954496338 0.3819677441702838
0.3819677441702838 0.362003876830125
0.362003876830125 0.1774426947959969
0.1774426947959969 0.3235803236714102
0.3235803236714102 0.23293884693001665
0.23293884693001665 0.9561631479027803
0.9561631479027803 0.21173447731076855
0.21173447731076855 0.6283304937383214
0.6283304937383214 0.5477644506096147
0.5477644506096147 0.4515243846151489
0.4515243846151489 0.24078428743429248
0.24078428743429248 0.06389834117671
0.06389834117671 0.6846378417397443
0.6846378417397443 0.997471068695098
0.997471068695098 0.16372234336483427
0.16372234336483427 0.42668646610379635
0.42668646610379635 0.08107070019932827
0.08107070019932827 0.06480755045207531
0.06480755045207531 0.9602881216544825
0.9602881216544825 0.3236903001957616
0.3236903001957616 0.0030786208085240574
0.0030786208085240574 0.8386159807953182
0.8386159807953182 0.5958143987982607
0.5958143987982607 0.8089067089495359
0.8089067089495359 0.3870661332127048
0.3870661332127048 0.47717112252322424
0.47717112252322424 0.47446420697917535
0.47446420697917535 0.14363705024655937
0.14363705024655937 0.43610317151595046
0.43610317151595046 0.6050694145021184
0.6050694145021184 0.5549127241146166
0.5549127241146166 0.07275512965810238
0.07275512965810238 0.5446839037271246
0.5446839037271246 0.014440790723335262
0.014440790723335262 0.2052185884156703
0.2052185884156703 0.8080837969649943
0.8080837969649943 0.8932231487397884
0.8932231487397884 0.6474598288312134
0.6474598288312134 0.1340152894679083
0.1340152894679083 0.751363657178294
0.751363657178294 0.4028826491161268
0.4028826491161268 0.36401512207631326
0.36401512207631326 0.40844961694690607
0.40844961694690607 0.7610013147022268
0.7610013147022268 0.5473630742983724
0.5473630742983724 0.6626480144109781
0.6626480144109781 0.1683915119731021
0.1683915119731021 0.8417403159078373
0.8417403159078373 0.7505442227050425
0.7505442227050425 0.18072016939051094
0.18072016939051094 0.7182945880920055
0.7182945880920055 0.4857185381742948
0.4857185381742948 0.011512805939627224
0.011512805939627224 0.3767072730501812
0.3767072730501812 0.4440814388808425
0.4440814388808425 0.7885820113012798
0.7885820113012798 0.26413212026017696
0.26413212026017696 0.46624409050504223
0.46624409050504223 0.58515181735127
0.58515181735127 0.4853607116499443
0.4853607116499443 0.4046122190759487
0.4046122190759487 0.24655007411460117
0.24655007411460117 0.059784427532107554
0.059784427532107554 0.08367834955091302
0.08367834955091302 0.7500173183806983
0.7500173183806983 0.8557426637016294
0.8557426637016294 0.07167203551246981
0.07167203551246981 0.9024052101760984
0.9024052101760984 0.26778828995098247
0.26778828995098247 0.6299894469531588
0.6299894469531588 0.40730410556490404
0.40730410556490404 0.17402704125686652
0.17402704125686652 0.17946747286503628
0.17946747286503628 0.8866891873568351
0.8866891873568351 0.7932644309870738
0.7932644309870738 0.33878387548714417
0.33878387548714417 0.45806474674832653
0.45806474674832653 0.07360220719682897
0.07360220719682897 0.33100877568637577
0.33100877568637577 0.3310137100769699
0.3310137100769699 0.03828494211190181
0.03828494211190181 0.5742828379371137
0.5742828379371137 0.9663371740499533
0.9663371740499533 0.7338179619383557
0.7338179619383557 0.5800315507812424
0.5800315507812424 0.10066512256032234
0.10066512256032234 0.2759204977202674
0.2759204977202674 0.9565023370075019
0.9565023370075019 0.027204381700346225
0.027204381700346225 0.18326208661498544
0.18326208661498544 0.535809905957064
0.535809905957064 0.7503967156888991
0.7503967156888991 0.40050317426613535
0.40050317426613535 0.11961629523076467
0.11961629523076467 0.018019602946257596
0.018019602946257596 0.15486372587342867
0.15486372587342867 0.9902873536351158
0.9902873536351158 0.7971667515684262
0.7971667515684262 0.7832241541186353
0.7832241541186353 0.11187970192638441
0.11187970192638441 0.04955168806777066
0.04955168806777066 0.2083629345456559
0.2083629345456559 0.10182473963481176
0.10182473963481176 0.6451535946260514
0.6451535946260514 0.7012294599344875
0.7012294599344875 0.3382488045115708
0.3382488045115708 0.05022638314587713
0.05022638314587713 0.2533560246226092
0.2533560246226092 0.5653683438813388
0.5653683438813388 0.061553177824494654
0.061553177824494654 0.5922722958488258
0.5922722958488258 0.6019630997607877
0.6019630997607877 0.8479833119935051
0.8479833119935051 0.7785378001553571
0.7785378001553571 0.1751247132798861
0.1751247132798861 0.42537269003382083
0.42537269003382083 0.0683804414599134
0.0683804414599134 0.10743928580190532
0.10743928580190532 0.11234457620654847
0.11234457620654847 0.7862557051005916
0.7862557051005916 0.9848436842404469
0.9848436842404469 0.6766629726699691
0.6766629726699691 0.6461672014006932
0.6461672014006932 0.06943536802133576
0.06943536802133576 0.47097127585091086
0.47097127585091086 0.4526024664312098
0.4526024664312098 0.2603264855156394
0.2603264855156394 0.5720323791641277
0.5720323791641277 0.5289028151246526
0.5289028151246526 0.3434167410149578
0.3434167410149578 0.5371555808234387
0.5371555808234387 0.5891935179346168
0.5891935179346168 0.33615813703912223
0.33615813703912223 0.6056844673106725
0.6056844673106725 0.40944818605771127
0.40944818605771127 0.32559911299143063
0.32559911299143063 0.9824996642311079
0.9824996642311079 0.12515391514056384
0.12515391514056384 0.9573344580206866
0.9573344580206866 0.9819751126796835
0.9819751126796835 0.04176573836082209
0.04176573836082209 0.18847104537904347
0.18847104537904347 0.7539487160847513
0.7539487160847513 0.08108225654217938
0.08108225654217938 0.47166225275441254
0.47166225275441254 0.003399670341429184
0.003399670341429184 0.11389592088860434
0.11389592088860434 0.33298789833106457
0.33298789833106457 0.13251361323896838
0.13251361323896838 0.7753460509362253
0.7753460509362253 0.20451483791321245
0.20451483791321245 0.376570993065501
0.376570993065501 0.9988311839020492
0.9988311839020492 0.209903228314281
0.209903228314281 0.23940909751784467
0.23940909751784467 0.5586304436767269
0.5586304436767269 0.6702656828680693
0.6702656828680693 0.7304682258431066
0.7304682258431066 0.24756868681457211
0.24756868681457211 0.0939965883073004
0.0939965883073004 0.34784962040617495
0.34784962040617495 0.21495610872793525
0.21495610872793525 0.9094825418979136
0.9094825418979136 0.20078985269544303
0.20078985269544303 0.5195380892374788
0.5195380892374788 0.9243728732527448
0.9243728732527448 0.5780912110580663
0.5780912110580663 0.951314759030683
0.951314759030683 0.048433601057049414
0.048433601057049414 0.792084426934474
0.792084426934474 0.494702867051954
0.494702867051954 0.49510054103505774
0.49510054103505774 0.4797234679289728
0.4797234679289728 0.011852821619557474
0.011852821619557474 0.2876407546354569
0.2876407546354569 0.33507259608470874
0.33507259608470874 0.05217431268752004
0.05217431268752004 0.805956134202201
0.805956134202201 0.003766657433409426
0.003766657433409426 0.4987008857609627
0.4987008857609627 0.3240873952573229
0.3240873952573229 0.655566388268451
0.655566388268451 0.08791066300510986
0.08791066300510986 0.4432408607335918
0.4432408607335918 0.8473792078904504
0.8473792078904504 0.5622004448476441
0.5622004448476441 0.6432560290735598
0.6432560290735598 0.5775405572776342
0.5775405572776342 0.2851795067707412
0.2851795067707412 0.15993042685327807
0.15993042685327807 0.4156264942524619
0.4156264942524619 0.7405211045264801
0.7405211045264801 0.8314812720590306
0.8314812720590306 0.6538833739130827
0.6538833739130827 0.3854998362433144
0.3854998362433144 0.4236356245428565
0.4236356245428565 0.5333408239160913
0.5333408239160913 0.04079654183186676
0.04079654183186676 0.2730096565311264
0.2730096565311264 0.7529246392724449
0.7529246392724449 0.6382707314358103
0.6382707314358103 0.5807208635118597
0.5807208635118597 0.8380477646417561
0.8380477646417561 0.11092258310844483
0.11092258310844483 0.22366907031041317
0.22366907031041317 0.736516997356927
0.736516997356927 0.4874794225047503
0.4874794225047503 0.6312164783507461
0.6312164783507461 0.5916169616007712
0.5916169616007712 0.5392880678655072
0.5392880678655072 0.47208613705880387
0.47208613705880387 0.22498133263034203
0.22498133263034203 0.9861588172644483
0.9861588172644483 0.655751758702015
0.655751758702015 0.2392891566675568
0.2392891566675568 0.4322354441995562
0.4322354441995562 0.8369621059198213
0.8369621059198213 0.15882831374819628
0.15882831374819628 0.9994850030945339
0.9994850030945339 0.006551311953779226
0.006551311953779226 0.4592551051461178
0.4592551051461178 0.898554522985644
0.898554522985644 0.003958037293713357
0.003958037293713357 0.9265425790895803
0.9265425790895803 0.6665047338505024
0.6665047338505024 0.09359562745559358
0.09359562745559358 0.8434451149057867
0.8434451149057867 0.621154153700346
0.621154153700346 0.8408141479145155
0.8408141479145155 0.7653205081143879
0.7653205081143879 0.32540518271481167
0.32540518271481167 0.8593844166673682
0.8593844166673682 0.8241599056665061
0.8241599056665061 0.8040140791687606
0.8040140791687606 0.9626912436273842
0.9626912436273842 0.6322838965570798
0.6322838965570798 0.7167724214170117
0.7167724214170117 0.22206507285313304
0.22206507285313304 0.9831720916479241
0.9831720916479241 0.15294410770717803
0.15294410770717803 0.8849722936114233
0.8849722936114233 0.21289361944429208
0.21289361944429208 0.3311867924723455
0.3311867924723455 0.3116885067522768
0.3116885067522768 0.14136094295646062
0.14136094295646062 0.7888078395663444
0.7888078395663444 0.1950853245006705
0.1950853245006705 0.6466890509592536
0.6466890509592536 0.2267925991765949
0.2267925991765949 0.913591462239995
0.913591462239995 0.09439346648052904
0.09439346648052904 0.4211846298001518
0.4211846298001518 0.5389069474095125
0.5389069474095125 0.40930999720102124
0.40930999720102124 0.9771738582112476
0.9771738582112476 0.09194025355925417
0.09194025355925417 0.8785650621578434
0.8785650621578434 0.8989647284259181
0.8989647284259181 0.6299294845971993
0.6299294845971993 0.6233103227088206
0.6233103227088206 0.6846664418878083
0.6846664418878083 0.8259214056207436
0.8259214056207436 0.9340228122102436
0.9340228122102436 0.27225551700883965
0.27225551700883965 0.38290746077773785
0.38290746077773785 0.055028036538350644
0.055028036538350644 0.29637327835156424
0.29637327835156424 0.49025769708196076
0.49025769708196076 0.429288262376881
0.429288262376881 0.08586413138930249
0.08586413138930249 0.11906486480069889
0.11906486480069889 0.390356810617317
0.390356810617317 0.736485567476441
0.736485567476441 0.02355322988956532
0.02355322988956532 0.763215773770417
0.763215773770417 0.6900644759603036
0.6900644759603036 0.2805465018542035
0.2805465018542035 0.4818782975582758
0.4818782975582758 0.08571155092493132
0.08571155092493132 0.373138309482687
0.373138309482687 0.39420580941604566
0.39420580941604566 0.9718824842418696
0.9718824842418696 0.526646636533125
0.526646636533125 0.5097544806983445
0.5097544806983445 0.3043073564879526
0.3043073564879526 0.6756491446384723
0.6756491446384723 0.9517563140453678
0.9517563140453678 0.9114571513617298
0.9114571513617298 0.35929610766905884
0.35929610766905884 0.11515088122224748
0.11515088122224748 0.11433982540186638
0.11433982540186638 0.3009174541101436
0.3009174541101436 0.26463654261021574
0.26463654261021574 0.3782392566435322
0.3782392566435322 0.8971966870669685
0.8971966870669685 0.6563419647948074
0.6563419647948074 0.22843297765952553
0.22843297765952553 0.8794841338989485
0.8794841338989485 0.6553470698725219
0.6553470698725219 0.11146969633432935
0.11146969633432935 0.6771509607478823
0.6771509607478823 0.5969864279318604
0.5969864279318604 0.1579183030593696
0.1579183030593696 0.05843627216961167
0.05843627216961167 0.0875430683758236
0.0875430683758236 0.5949557841607576
0.5949557841607576 0.4575721548101659
0.4575721548101659 0.8668191208972225
0.8668191208972225 0.2526799175229719
0.2526799175229719 0.5948113657553467
0.5948113657553467 0.8277566306669499
0.8277566306669499 0.2913363021715121
0.2913363021715121 0.6095990105294564
0.6095990105294564 0.38479328832931703
0.38479328832931703 0.3188648947586563
0.3188648947586563 0.17745988910701738
0.17745988910701738 0.40400321136514084
0.40400321136514084 0.34564425666953946
0.34564425666953946 0.8897269506055698
0.8897269506055698 0.04139625376524858
0.04139625376524858 0.7178351241997987
0.7178351241997987 0.2293517923970254
0.2293517923970254 0.6493808393453298
0.6493808393453298 0.2688418931642227
0.2688418931642227 0.06595896488190323
0.06595896488190323 0.6603570546235461
0.6603570546235461 0.9303484927440369
0.9303484927440369 0.8899992021480776
0.8899992021480776 0.22651012526083747
0.22651012526083747 0.3673433195160518
0.3673433195160518 0.1366232544899253
0.1366232544899253 0.6837641646504187
0.6837641646504187 0.19719914051992626
0.19719914051992626 0.7404874296750292
0.7404874296750292 0.34086541457695896
0.34086541457695896 0.4162169770842138
0.4162169770842138 0.8912840580641435
0.8912840580641435 0.5505593830346964
0.5505593830346964 0.7509221461796005
0.7509221461796005 0.9945454606662474
0.9945454606662474 0.7468629580146227
0.7468629580146227 0.3915807463487133
0.3915807463487133 0.6536695818113367
0.6536695818113367 0.7508557015413005
0.7508557015413005 0.3808926567640163
0.3808926567640163 0.8899222700376391
0.8899222700376391 0.4064224405606196
0.4064224405606196 0.2528661172952882
0.2528661172952882 0.47806631064840766
0.47806631064840766 0.7861767061951572
0.7861767061951572 0.07686871095732895
0.07686871095732895 0.11652233375237309
0.11652233375237309 0.6769386512083764
0.6769386512083764 0.3269017272082113
0.3269017272082113 0.6178799719048702
0.6178799719048702 0.8326993589678926
0.8326993589678926 0.21998585578801633
0.21998585578801633 0.37429986411077243
0.37429986411077243 0.5194026751854759
0.5194026751854759 0.1992671574810343
0.1992671574810343 0.4751275951678835
0.4751275951678835 0.7789021560997424
0.7789021560997424 0.19199423252249126
0.19199423252249126 0.6190471260467674
0.6190471260467674 0.3896952807461156
0.3896952807461156 0.704069705651321
0.704069705651321 0.7304602677682261
0.7304602677682261 0.31494002757291595
0.31494002757291595 0.8196698113474874
0.8196698113474874 0.8787663117770044
0.8787663117770044 0.4673926005036615
0.4673926005036615 0.47753224684488993
0.47753224684488993 0.06987874209132405
0.06987874209132405 0.46225929304872326
0.46225929304872326 0.5715179215874135
0.5715179215874135 0.38459525800998984
0.38459525800998984 0.5578652062717717
0.5578652062717717 0.18828159630863928
0.18828159630863928 0.21069460446876098
0.21069460446876098 0.9941078156404647
0.9941078156404647 0.9380232637983714
0.9380232637983714 0.5302586999757126
0.5302586999757126 0.5884811159232886
0.5884811159232886 0.3770556080319021
0.3770556080319021 0.39930246009694836
0.39930246009694836 0.888975335256792
0.888975335256792 0.5563261932806312
0.5563261932806312 0.9735609021902967
0.9735609021902967 0.6257132301058093
0.6257132301058093 0.5008759942125749
0.5008759942125749 0.5868012596955341
0.5868012596955341 0.3641401584517565
0.3641401584517565 0.4299009177340196
0.4299009177340196 0.2067191512144293
0.2067191512144293 0.6364842300508428
0.6364842300508428 0.4837339916830259
0.4837339916830259 0.5107474087931163
0.5107474087931163 0.5098257081101389
0.5098257081101389 0.06416890800155173
0.06416890800155173 0.4617449006428722
0.4617449006428722 0.7837653369170012
0.7837653369170012 0.9922077242687548
0.9922077242687548 0.5126879044675832
0.5126879044675832 0.5981051710179395
0.5981051710179395 0.12924977169527407
0.12924977169527407 0.35317493810542677
0.35317493810542677 0.909567133624966
0.909567133624966 0.4244863030322841
0.4244863030322841 0.5309022644417823
0.5309022644417823 0.616197234748824
0.616197234748824 0.7953536057057051
0.7953536057057051 0.5208725804913046
0.5208725804913046 0.020267586032954643
0.020267586032954643 0.25543853105050696
0.25543853105050696 0.8641441888601555
0.8641441888601555 0.46801628721179167
0.46801628721179167 0.5086139259458506
0.5086139259458506 0.10426555017620887
0.10426555017620887 0.014125865743698007
0.014125865743698007 0.8382628601035012
0.8382628601035012 0.8011555166923796
0.8011555166923796 0.7919191840371378
0.7919191840371378 0.12133803177515379
0.12133803177515379 0.14143076044395286
0.14143076044395286 0.1361097783167362
0.1361097783167362 0.2475456527244555
0.2475456527244555 0.6283965289367823
0.6283965289367823 0.5036458629201794
0.5036458629201794 0.33546467239372646
0.33546467239372646 0.05153492215279831
0.05153492215279831 0.26585875601938724
0.26585875601938724 0.4196562777937429
0.4196562777937429 0.29403585205488936
0.29403585205488936 0.16683865889204452
0.16683865889204452 0.35043787820209826
0.35043787820209826 0.37550471888798675
0.37550471888798675 0.49037572325019685
0.49037572325019685 0.9463213550535574
0.9463213550535574 0.33828887742911373
0.33828887742911373 0.5715660290367448
0.5715660290367448 0.4645890477464797
0.4645890477464797 0.33768299945753405
0.33768299945753405 0.558757190976118
0.558757190976118 0.23665486498796828
0.23665486498796828 0.6102465803637389
0.6102465803637389 0.5235974803187071
0.5235974803187071 0.34611917626938427
0.34611917626938427 0.8526508188894181
0.8526508188894181 0.4889821348735932
0.4889821348735932 0.3388145437843306
0.3388145437843306 0.5215054258139555
0.5215054258139555 0.2765269547132565
0.2765269547132565 0.6308679200065657
0.6308679200065657 0.12700841749970992
0.12700841749970992 0.9942838314422301
0.9942838314422301 0.4699552488579566
0.4699552488579566 0.6886161387577165
0.6886161387577165 0.7743032733493185
0.7743032733493185 0.4751548604033313
0.4751548604033313 0.5611327707517284
0.5611327707517284 0.6653246212331099
0.6653246212331099 0.9308258821183933
0.9308258821183933 0.2063231876714715
0.2063231876714715 0.6549144840869512
0.6549144840869512 0.5320886716829194
0.5320886716829194 0.7444003619383543
0.7444003619383543 0.6119424257830433
0.6119424257830433 0.27987593408867406
0.27987593408867406 0.3485858966748938
0.3485858966748938 0.15448711524218006
0.15448711524218006 0.46534273830684847
0.46534273830684847 0.22891181282115802
0.22891181282115802 0.39176573446656926
0.39176573446656926 0.679021259137772
0.679021259137772 0.0847253654246718
0.0847253654246718 0.7041806055123234
0.7041806055123234 0.4226840698593768
0.4226840698593768 0.9219890618272377
0.9219890618272377 0.48319835108084774
0.48319835108084774 0.412932174613692
0.412932174613692 0.8971507248208523
0.8971507248208523 0.0854386520542123
0.0854386520542123 0.3645012129335745
0.3645012129335745 0.6498199900682953
0.6498199900682953 0.26007108968228443
0.26007108968228443 0.5520166262068713
0.5520166262068713 0.1715412137468295
0.1715412137468295 0.8494135428858367
0.8494135428858367 0.022494605362056053
0.022494605362056053 0.21530621698056507
0.21530621698056507 0.8712886393061137
0.8712886393061137 0.80570049008636
0.80570049008636 0.8394857071450339
0.8394857071450339 0.04585254997857935
0.04585254997857935 0.8356073658747263
0.8356073658747263 0.504342928441682
0.504342928441682 0.16256792437515655
0.16256792437515655 0.6806447097223634
0.6806447097223634 0.20319959763684414
0.20319959763684414 0.8507600804973268
0.8507600804973268 0.13921760084870383
0.13921760084870383 0.15901597473055684
0.15901597473055684 0.561703239758828
0.561703239758828 0.5273742353916835
0.5273742353916835 0.045676403738815985
0.045676403738815985 0.776241819662812
0.776241819662812 0.6584925430129265
0.6584925430129265 0.16752033429953306
0.16752033429953306 0.8030601628182188
0.8030601628182188 0.8058644544092027
0.8058644544092027 0.7371734090020423
0.7371734090020423 0.06478674111664384
0.06478674111664384 0.4164379055951142
0.4164379055951142 0.9420879073432772
0.9420879073432772 0.8221947165397697
0.8221947165397697 0.13597341255296103
0.13597341255296103 0.4096690174407773
0.4096690174407773 0.7709974862495352
0.7709974862495352 0.03786381409968542
0.03786381409968542 0.45661243500080984
0.45661243500080984 0.023825829382658092
0.023825829382658092 0.8516783231181058
0.8516783231181058 0.3010761021248196
0.3010761021248196 0.6261262894950459
0.6261262894950459 0.8876793709546587
0.8876793709546587 0.8828183986579123
0.8828183986579123 0.36858643619524756
0.36858643619524756 0.8512228303541995
0.8512228303541995 0.8439815596783191
0.8439815596783191 0.9178494698297224
0.9178494698297224 0.307084132719299
0.307084132719299 0.5006216655857099
0.5006216655857099 0.8477514479895851
0.8477514479895851 0.30970611306448914
0.30970611306448914 0.7795106319417551
0.7795106319417551 0.9993097887104716
0.9993097887104716 0.3678333816083106
0.3678333816083106 0.585373558003712
0.585373558003712 0.13267771826220587
0.13267771826220587 0.5457910848384744
0.5457910848384744 0.44098600562296975
0.44098600562296975 0.2386964440578221
0.2386964440578221 0.5327263086615233
0.5327263086615233 0.02668577641819425
0.02668577641819425 0.6407017696517154
0.6407017696517154 0.6026888376617803
0.6026888376617803 0.4882583603863252
0.4882583603863252 0.8826508748160942
0.8826508748160942 0.09587137962144854
0.09587137962144854 0.6142431696518655
0.6142431696518655 0.7576983421943333
0.7576983421943333 0.7928837720384072
0.7928837720384072 0.353387197294476
0.353387197294476 0.9562868126729314
0.9562868126729314 0.31895675280789804
0.31895675280789804 0.3549931669654365
0.3549931669654365 0.9020620019224381
0.9020620019224381 0.5695240457089563
0.5695240457089563 0.517456669442443
0.517456669442443 0.7590260098393404
0.7590260098393404 0.055892827458079
0.055892827458079 0.438864350956228
0.438864350956228 0.5170388583093783
0.5170388583093783 0.5553432234445035
0.5553432234445035 0.5177001903088366
0.5177001903088366 0.7350518537794011
0.7350518537794011 0.7164581725060921
0.7164581725060921 0.9838770545105207
0.9838770545105207 0.2560915411071816
0.2560915411071816 0.232842176942073
0.232842176942073 0.21350255143000574
0.21350255143000574 0.09456072362663992
0.09456072362663992 0.8372321198129176
0.8372321198129176 0.74153157428747
0.74153157428747 0.13024552359541275
0.13024552359541275 0.27154333963583754
0.27154333963583754 0.4366127178442394
0.4366127178442394 0.48528272607894296
0.48528272607894296 0.9691165175638068
0.9691165175638068 0.23920632334182867
0.23920632334182867 0.9153939000745484
0.9153939000745484 0.29245428350044206
0.29245428350044206 0.030307173139377808
0.030307173139377808 0.989051339885016
0.989051339885016 0.8931687788382279
0.8931687788382279 0.7119299650994275
0.7119299650994275 0.9299335252926852
0.9299335252926852 0.7564423158240885
0.7564423158240885 0.7288980336915603
0.7288980336915603 0.11566700039998246
0.11566700039998246 0.7806727902203048
0.7806727902203048 0.26891144352864593
0.26891144352864593 0.4017467537462478
0.4017467537462478 0.8244485843051805
0.8244485843051805 0.8874925906062472
0.8874925906062472 0.8435879513350906
0.8435879513350906 0.03505514804092713
0.03505514804092713 0.21375878835718432
0.21375878835718432 0.05075548679803532
0.05075548679803532 0.8315430159413353
0.8315430159413353 0.7008917362003313
0.7008917362003313 0.4052259128334277
0.4052259128334277 0.5974376319412644
0.5974376319412644 0.9746507169642005
0.9746507169642005 0.34507230311106984
0.34507230311106984 0.7691095622482711
0.7691095622482711 0.6914816044905494
0.6914816044905494 0.219491033801968
0.219491033801968 0.02521506522497896
0.02521506522497896 0.4245782107520786
0.4245782107520786 0.8413216414972529
0.8413216414972529 0.0829259985333195
0.0829259985333195 0.16089064982565038
0.16089064982565038 0.9628119449724721
0.9628119449724721 0.5826503032162016
0.5826503032162016 0.7949229192675293
0.7949229192675293 0.7828990120010015
0.7828990120010015 0.22096230750208878
0.22096230750208878 0.27978741365188275
0.27978741365188275 0.651369993099778
0.651369993099778 0.017308833250924582
0.017308833250924582 0.6606527187771019
0.6606527187771019 0.5696729095467257
0.5696729095467257 0.3230139847273814
0.3230139847273814 0.8791971676564772
0.8791971676564772 0.9300287625717067
0.9300287625717067 0.015010333708717294
0.015010333708717294 0.7233599688494383
0.7233599688494383 0.3611794613912589
0.3611794613912589 0.9708332172446545
0.9708332172446545 0.4313742276739603
0.4313742276739603 0.6176304103351717
0.6176304103351717 0.7539524499572027
0.7539524499572027 0.39609031429833963
0.39609031429833963 0.734408361433172
0.734408361433172 0.3248225479374285
0.3248225479374285 0.2787897211723207
0.2787897211723207 0.11907711287510336
0.11907711287510336 0.8272272855048817
0.8272272855048817 0.44255228469702
0.44255228469702 0.32484302161212364
0.32484302161212364 0.5895677225978804
0.5895677225978804 0.6942763213716474
0.6942763213716474 0.20577261452306406
0.20577261452306406 0.4495861924880975
0.4495861924880975 0.23033664622744876
0.23033664622744876 0.8662419745441237
0.8662419745441237 0.7367407637542377
0.7367407637542377 0.9141239387421723
0.9141239387421723 0.0947021255727587
0.0947021255727587 0.09043781685690355
0.09043781685690355 0.19340896571551802
0.19340896571551802 0.2485779059781259
0.2485779059781259 0.0009724637092620725
0.0009724637092620725 0.31274188826864635
0.31274188826864635 0.6031340465647284
0.6031340465647284 0.4212880446383718
0.4212880446383718 0.9469529103313232
0.9469529103313232 0.9151767378708686
0.9151767378708686 0.9571800873251718
0.9571800873251718 0.32935831961382167
0.32935831961382167 0.5056214815017546
0.5056214815017546 0.13713619865961846
0.13713619865961846 0.9956715078732354
0.9956715078732354 0.5502327534502645
0.5502327534502645 0.4521349031054296
0.4521349031054296 0.7938336211089726
0.7938336211089726 0.8352388747590611
0.8352388747590611 0.40555510216135837
0.40555510216135837 0.08408550219594013
0.08408550219594013 0.8145411233154422
0.8145411233154422 0.4441835061675332
0.4441835061675332 0.5641189754668501
0.5641189754668501 0.9257285296419432
0.9257285296419432 0.5521477155682778
0.5521477155682778 0.935794104341622
0.935794104341622 0.2378213484976075
0.2378213484976075 0.9356807356861849
0.9356807356861849 0.7933567832373892
0.7933567832373892 0.4618759144527107
0.4618759144527107 0.20426531646579726
0.20426531646579726 0.759598002008294
0.759598002008294 0.1589841493181443
0.1589841493181443 0.8558780739737388
0.8558780739737388 0.051867013540920714
0.051867013540920714 0.37732951709798734
0.37732951709798734 0.29687208750686045
0.29687208750686045 0.33786716664270067
0.33786716664270067 0.791266831493026
0.791266831493026 0.848710127425792
0.848710127425792 0.22720330670957534
0.22720330670957534 0.8136366867388642
0.8136366867388642 0.25268317702406917
0.25268317702406917 0.41071585151612977
0.41071585151612977 0.8027387120931098
0.8027387120931098 0.9814800327111741
0.9814800327111741 0.34016925894613914
0.34016925894613914 0.7854143823134518
0.7854143823134518 0.012602032789711837
0.012602032789711837 0.24589857364338896
0.24589857364338896 0.9985904520999808
0.9985904520999808 0.23025465230680386
0.23025465230680386 0.47315741015917734
0.47315741015917734 0.5352597418574785
0.5352597418574785 0.7456337013793755
0.7456337013793755 0.43210587952427737
0.43210587952427737 0.310440860742192
0.310440860742192 0.3964428647991882
0.3964428647991882 0.5638601818770022
0.5638601818770022 0.22063277850216068
0.22063277850216068 0.42345129069377707
0.42345129069377707 0.3457086454327478
0.3457086454327478 0.07223481092737649
0.07223481092737649 0.1941838671278182
0.1941838671278182 0.08974922220227288
0.08974922220227288 0.7881881228766974
0.7881881228766974 0.46223078476599166
0.46223078476599166 0.3868578487226628
0.3868578487226628 0.7910835544375567
0.7910835544375567 0.29471912688845325
0.29471912688845325 0.47727698451634204
0.47727698451634204 0.9073741094600931
0.9073741094600931 0.21448975238842127
0.21448975238842127 0.375274007957187
0.375274007957187 0.8877719087246407
0.8877719087246407 0.9819953583402623
0.9819953583402623 0.6869879383075967
0.6869879383075967 0.8824875800164111
0.8824875800164111 0.8317199741038548
0.8317199741038548 0.26790803176118505
0.26790803176118505 0.49683721173831197
0.49683721173831197 0.5884457044962299
0.5884457044962299 0.19388549491971419
0.19388549491971419 0.7613491059325337
0.7613491059325337 0.6090153266166423
0.6090153266166423 0.5886103084905785
0.5886103084905785 0.8982336956165871
0.8982336956165871 0.7141007158775595
0.7141007158775595 0.5642855990888056
0.5642855990888056 0.5429448816614091
0.5429448816614091 0.4128174568045506
0.4128174568045506 0.13131422964446715
0.13131422964446715 0.31735631027106903
0.31735631027106903 0.4536553227557716
0.4536553227557716 0.995722496934069
0.995722496934069 0.4990259010487996
0.4990259010487996 0.9914029553404944
0.9914029553404944 0.353194509839992
0.353194509839992 0.805015209781869
0.805015209781869 0.47683112007087214
0.47683112007087214 0.7471124650281548
0.7471124650281548 0.9386974393889134
0.9386974393889134 0.025728370110459142
0.025728370110459142 0.9915151677325889
0.9915151677325889 0.4480403593306863
0.4480403593306863 0.03084759895196143
0.03084759895196143 0.32768671050790976
0.32768671050790976 0.8084750315923865
0.8084750315923865 0.6427357974570027
0.6427357974570027 0.33675071756500574
0.33675071756500574 0.18045678426290568
0.18045678426290568 0.8246010011069127
0.8246010011069127 0.048138187875001126
0.048138187875001126 0.18545717913974968
0.18545717913974968 0.350990735318514
0.350990735318514 0.24848124130046045
0.24848124130046045 0.17557909040447406
0.17557909040447406 0.5168460015777407
0.5168460015777407 0.13878230250244972
0.13878230250244972 0.9055567668786002
0.9055567668786002 0.9712100562857465
0.9712100562857465 0.043859098488562065
0.043859098488562065 0.0678237027879538
0.0678237027879538 0.5155529002983854
0.5155529002983854 0.09458863818474939
0.09458863818474939 0.41933929421490657
0.41933929421490657 0.7401470286969902
0.7401470286969902 0.3883278752517543
0.3883278752517543 0.27919494904304587
0.27919494904304587 0.07850212427502834
0.07850212427502834 0.6416435804288971
0.6416435804288971 0.7128242969722445
0.7128242969722445 0.18216207675315887
0.18216207675315887 0.6440540777285453
0.6440540777285453 0.7758780349623056
0.7758780349623056 0.9838742963178304
0.9838742963178304 0.3053368833155181
0.3053368833155181 0.42673247421278315
0.42673247421278315 0.9882420721637155
0.9882420721637155 0.7721330480669072
0.7721330480669072 0.9735621983991407
0.9735621983991407 0.2726667170825894
0.2726667170825894 0.1805143526029882
0.1805143526029882 0.668590606029211
0.668590606029211 0.39902348382974484
0.39902348382974484 0.577494154927038
0.577494154927038 0.8902232611725118
0.8902232611725118 0.12236254866174301
0.12236254866174301 0.48147227678674054
0.48147227678674054 0.022577290920319015
0.022577290920319015 0.5088966176933143
0.5088966176933143 0.18167553908984102
0.18167553908984102 0.12814749307643147
0.12814749307643147 0.24235518782531673
0.24235518782531673 0.93629447187736
0.93629447187736 0.02855954165956076
0.02855954165956076 0.6607169414482739
0.6607169414482739 0.4588431787000711
0.4588431787000711 0.8256924184128496
0.8256924184128496 0.07480774609249652
0.07480774609249652 0.23327323701139724
0.23327323701139724 0.5038288447643318
0.5038288447643318 0.9920725771472425
0.9920725771472425 0.5752981263618575
0.5752981263618575 0.9143017620150355
0.9143017620150355 0.3032024965486624
0.3032024965486624 0.8074475880471068
0.8074475880471068 0.073356084725261
0.073356084725261 0.32519596953790075
0.32519596953790075 0.12120715893777234
0.12120715893777234 0.6963024250705878
0.6963024250705878 0.5242760070432464
0.5242760070432464 0.5552347914327282
0.5552347914327282 0.2730080989502981
0.2730080989502981 0.7530372138625399
0.7530372138625399 0.6581898922846048
0.6581898922846048 0.13601574091938007
0.13601574091938007 0.23314535506666711
0.23314535506666711 0.8197609347335502
0.8197609347335502 0.7057488969362855
0.7057488969362855 0.08161496956127445
0.08161496956127445 0.6278474800116229
0.6278474800116229 0.37203469731614014
0.37203469731614014 0.9295632981412223
0.9295632981412223 0.7522112950852844
0.7522112950852844 0.10072342966486092
0.10072342966486092 0.8651299831964725
0.8651299831964725 0.7148625438286849
0.7148625438286849 0.9693605144865565
0.9693605144865565 0.6310558817410981
0.6310558817410981 0.8022607202092384
0.8022607202092384 0.4225447357273
0.4225447357273 0.5014919940049605
0.5014919940049605 0.4875604552707913
0.4875604552707913 0.8182413798075676
0.8182413798075676 0.009275139160772383
0.009275139160772383 0.7665990777561524
0.7665990777561524 0.260262457517648
0.260262457517648 0.9771512096585522
0.9771512096585522 0.5880160642767986
0.5880160642767986 0.6919138470877348
0.6919138470877348 0.14095421334420077
0.14095421334420077 0.08504377978182465
0.08504377978182465 0.7539486064753165
0.7539486064753165 0.27007463800814024
0.27007463800814024 0.969292385461681
0.969292385461681 0.9499192323075918
0.9499192323075918 0.03495492521282895
0.03495492521282895 0.8159839705475784
0.8159839705475784 0.44213462255505265
0.44213462255505265 0.09345814875208935
0.09345814875208935 0.5027672499637985
0.5027672499637985 0.38203456536820957
0.38203456536820957 0.7171171083709829
0.7171171083709829 0.4054423552592952
0.4054423552592952 0.15317139036398375
0.15317139036398375 0.5891744497070993
0.5891744497070993 0.7397778764150855
0.7397778764150855 0.023648927533815645
0.023648927533815645 0.15253842557489738
0.15253842557489738 0.6941816828646665
0.6941816828646665 0.7230612073949829
0.7230612073949829 0.1542266501000531
0.1542266501000531 0.9246270463461186
0.9246270463461186 0.22289790853081604
0.22289790853081604 0.6324337719054455
0.6324337719054455 0.6050052939363151
0.6050052939363151 0.47094712123841487
0.47094712123841487 0.4783566175455134
0.4783566175455134 0.6434688576547187
0.6434688576547187 0.1443965733368726
0.1443965733368726 0.9223032031518961
0.9223032031518961 0.41236485981846127
0.41236485981846127 0.904133492497605
0.904133492497605 0.25813626219198427
0.25813626219198427 0.8193603287269426
0.8193603287269426 0.7304843571052113
0.7304843571052113 0.44812901941988725
0.44812901941988725 0.7594608415465108
0.7594608415465108 0.8344705029661688
0.8344705029661688 0.6816860924009731
0.6816860924009731 0.8696704195342677
0.8696704195342677 0.16717858531887675
0.16717858531887675 0.26352044442366185
0.26352044442366185 0.8306147667086019
0.8306147667086019 0.17868738513475058
0.17868738513475058 0.24099944900869263
0.24099944900869263 0.8760522288627608
0.8760522288627608 0.5342966240387639
0.5342966240387639 0.9255692552970104
0.9255692552970104 0.4349769968662711
0.4349769968662711 0.8490450088918942
0.8490450088918942 0.8072257224986363
0.8072257224986363 0.5639368576866741
0.5639368576866741 0.8510387934359498
0.8510387934359498 0.8153931241525911
0.8153931241525911 0.3175425791486868
0.3175425791486868 0.9924376754906357
0.9924376754906357 0.8868873675033251
0.8868873675033251 0.9528967392999661
0.9528967392999661 0.3773353326359179
0.3773353326359179 0.8782720961363368
0.8782720961363368 0.7559052318980752
0.7559052318980752 0.7511595862957916
0.7511595862957916 0.437680736558016
0.437680736558016 0.7046884678690679
0.7046884678690679 0.2534740847346102
0.2534740847346102 0.5404466003487505
0.5404466003487505 0.5223289435326011
0.5223289435326011 0.460708679791201
0.460708679791201 0.22357593218070226
0.22357593218070226 0.01846531179780575
0.01846531179780575 0.7720853931373304
0.7720853931373304 0.8696659515438401
0.8696659515438401 0.5613778498961456
0.5613778498961456 0.9993380451090945
0.9993380451090945 0.01702581404107395
0.01702581404107395 0.5068442669276725
0.5068442669276725 0.6717168993984268
0.6717168993984268 0.9492238927207932
0.9492238927207932 0.21041697662362768
0.21041697662362768 0.49125986537571076
0.49125986537571076 0.2508472348495996
0.2508472348495996 0.6865181932171383
0.6865181932171383 0.33997081288018816
0.33997081288018816 0.8642190055667989
0.8642190055667989 0.8515157993494431
0.8515157993494431 0.47123219174018294
0.47123219174018294 0.6697580484153656
0.6697580484153656 0.21293419429884608
0.21293419429884608 0.5277071677473049
0.5277071677473049 0.7327835359161368
0.7327835359161368 0.8786467988558092
0.8786467988558092 0.45549341128720366
0.45549341128720366 0.004552880313829721
0.004552880313829721 0.682753664930503
0.682753664930503 0.14103568934386645
0.14103568934386645 0.41799795990234356
0.41799795990234356 0.13501191971607063
0.13501191971607063 0.7322231673241542
0.7322231673241542 0.6342936177042953
0.6342936177042953 0.31099901422137055
0.31099901422137055 0.16330950290888868
0.16330950290888868 0.7825156499548661
0.7825156499548661 0.1053816751193517
0.1053816751193517 0.2698785557732013
0.2698785557732013 0.7067946202361113
0.7067946202361113 0.8898344079851379
0.8898344079851379 0.6213831818762232
0.6213831818762232 0.08860039584181445
0.08860039584181445 0.10982452979095658
0.10982452979095658 0.9007681386812041
0.9007681386812041 0.5898777271119122
0.5898777271119122 0.4665485899635957
0.4665485899635957 0.8095805072551809
0.8095805072551809 0.9700600814135565
0.9700600814135565 0.23132590379934825
0.23132590379934825 0.9792230844786299
0.9792230844786299 0.17998029007504868
0.17998029007504868 0.6945050675748945
0.6945050675748945 0.6414102312543136
0.6414102312543136 0.31949767460088707
0.31949767460088707 0.2320781540332022
0.2320781540332022 0.8937624983784047
0.8937624983784047 0.29324498747394534
0.29324498747394534 0.8540879962543275
0.8540879962543275 0.3527428467593441
0.3527428467593441 0.31704219011868195
0.31704219011868195 0.47943159573221283
0.47943159573221283 0.7169176100585029
0.7169176100585029 0.712574153950805
0.712574153950805 0.2598763176822674
0.2598763176822674 0.6136150153190527
0.6136150153190527 0.18688331821141246
0.18688331821141246 0.31823246859577115
0.31823246859577115 0.0960121245015988
0.0960121245015988 0.33199950172563164
0.33199950172563164 0.012436455363385557
0.012436455363385557 0.18260420006505473
0.18260420006505473 0.5138254734285888
0.5138254734285888 0.9611049044281677
0.9611049044281677 0.5531291450467068
0.5531291450467068 0.6309870429355395
0.6309870429355395 0.06782825365067602
0.06782825365067602 0.20091306775234163
0.20091306775234163 0.4924964283137556
0.4924964283137556 0.13592187937622668
0.13592187937622668 0.33152399963785184
0.33152399963785184 0.5741350831027655
0.5741350831027655 0.4167577090206491
0.4167577090206491 0.7780940325300627
0.7780940325300627 0.7234051301751694
0.7234051301751694 0.3575217841652334
0.3575217841652334 0.15025766545766372
0.15025766545766372 0.14331289110870604
0.14331289110870604 0.838281395215404
0.838281395215404 0.6825168443347854
0.6825168443347854 0.5986492324534953
0.5986492324534953 0.8717703412871697
0.8717703412871697 0.03256349536355252
0.03256349536355252 0.3754315027441262
0.3754315027441262 0.638670126005054
0.638670126005054 0.8148484982174049
0.8148484982174049 0.12746691056854242
0.12746691056854242 0.4273948041021933
0.4273948041021933 0.686232563329233
0.686232563329233 0.761818669958485
0.761818669958485 0.23636045293757268
0.23636045293757268 0.2614949561295381
0.2614949561295381 0.9577991283725642
0.9577991283725642 0.20951724039380148
0.20951724039380148 0.6676511594949455
0.6676511594949455 0.18751095163070763
0.18751095163070763 0.08076359365179586
0.08076359365179586 0.09954569992699236
0.09954569992699236 0.5815733428127969
0.5815733428127969 0.19803859314112815
0.19803859314112815 0.2984830169352515
0.2984830169352515 0.7573178592900756
0.7573178592900756 0.8640995885959648
0.8640995885959648 0.8698332410810421
0.8698332410810421 0.26950660898307044
0.26950660898307044 0.2522796647437233
0.2522796647437233 0.7594496536217714
0.7594496536217714 0.9461013702986634
0.9461013702986634 0.32239316032103593
0.32239316032103593 0.1293809079616055
0.1293809079616055 0.09514423170279396
0.09514423170279396 0.9543142473169126
0.9543142473169126 0.03595978701307034
0.03595978701307034 0.05725084138822112
0.05725084138822112 0.3143997272883081
0.3143997272883081 0.5022086739596685
0.5022086739596685 0.3571473170383941
0.3571473170383941 0.679707182777475
0.679707182777475 0.4709848232250904
0.4709848232250904 0.21281136107381737
0.21281136107381737 0.5437399649118717
0.5437399649118717 0.6559042626881244
0.6559042626881244 0.8395082900923148
0.8395082900923148 0.008179245010528913
0.008179245010528913 0.3993403413906922
0.3993403413906922 0.3926574969380454
0.3926574969380454 0.0520908997200471
0.0520908997200471 0.7022522729772129
0.7022522729772129 0.928500899539639
0.928500899539639 0.9293075814452851
0.9293075814452851 0.23385684866334255
0.23385684866334255 0.8866379970366405
0.8866379970366405 0.5343437176916097
0.5343437176916097 0.057541786765518355
0.057541786765518355 0.2700363509383714
0.2700363509383714 0.8102361431523717
0.8102361431523717 0.7578634845813936
0.7578634845813936 0.8051638727939663
0.8051638727939663 0.8736798788473883
0.8736798788473883 0.3499749680507922
0.3499749680507922 0.16135110231646665
0.16135110231646665 0.6104002319639692
0.6104002319639692 0.9331742756563033
0.9331742756563033 0.15488149344704438
0.15488149344704438 0.11622614094702599
0.11622614094702599 0.8148946871954443
0.8148946871954443 0.11393333573566333
0.11393333573566333 0.6098318414264825
0.6098318414264825 0.41542195745905897
0.41542195745905897 0.6786823090046734
0.6786823090046734 0.11947836577324944
0.11947836577324944 0.32706472673125786
0.32706472673125786 0.5953181805365593
0.5953181805365593 0.2342691740887164
0.2342691740887164 0.39489863745757164
0.39489863745757164 0.7379216226589183
0.7379216226589183 0.49672791632621527
0.49672791632621527 0.844071546101195
0.844071546101195 0.6725866794953845
0.6725866794953845 0.8435472213470854
0.8435472213470854 0.5843936756290633
0.5843936756290633 0.44554869082780746
0.44554869082780746 0.2330891425851369
0.2330891425851369 0.9063656904094737
0.9063656904094737 0.19591999581721797
0.19591999581721797 0.3323551426334044
0.3323551426334044 0.7109900778646112
0.7109900778646112 0.6959737804486608
0.6959737804486608 0.5703116578408827
0.5703116578408827 0.18683812595300497
0.18683812595300497 0.7099040179751335
0.7099040179751335 0.4683470984743292
0.4683470984743292 0.16508676535395583
0.16508676535395583 0.8313746477682344
0.8313746477682344 0.9802195103864222
0.9802195103864222 0.4359976968498309
0.4359976968498309 0.34475544978275763
0.34475544978275763 0.030295204144320742
0.030295204144320742 0.8280309122645755
0.8280309122645755 0.26309182310432355
0.26309182310432355 0.6709493486692946
0.6709493486692946 0.9386688782829733
0.9386688782829733 0.1575651334089332
0.1575651334089332 0.5008931192792434
0.5008931192792434 0.9677072893202447
0.9677072893202447 0.057280009192597126
0.057280009192597126 0.7979319533914211
0.7979319533914211 0.7770184939363824
0.7770184939363824 0.7608353404604153
0.7608353404604153 0.37643981018643813
0.37643981018643813 0.6663084271797748
0.6663084271797748 0.8989096631728841
0.8989096631728841 0.3413327417445564
0.3413327417445564 0.7384596238474601
0.7384596238474601 0.7112666645195103
0.7112666645195103 0.08670820414321057
0.08670820414321057 0.40458599826952435
0.40458599826952435 0.10879739367782015
0.10879739367782015 0.20916697553165475
0.20916697553165475 0.5524777947508959
0.5524777947508959 0.1959659676683676
0.1959659676683676 0.31776757092697183
0.31776757092697183 0.5610143498347147
0.5610143498347147 0.2704851544557938
0.2704851544557938 0.023425731222070922
0.023425731222070922 0.7084285128645216
0.7084285128645216 0.06351798357775995
0.06351798357775995 0.4118596767683176
0.4118596767683176 0.2609218958453039
0.2609218958453039 0.15697524123222562
0.15697524123222562 0.7959800687153673
0.7959800687153673 0.07176623101047142
0.07176623101047142 0.33765943648688257
0.33765943648688257 0.9247538016146479
0.9247538016146479 0.26331432356673723
0.26331432356673723 0.5160746221252244
0.5160746221252244 0.28541453221950475
0.28541453221950475 0.4700595876011451
0.4700595876011451 0.7605840871419303
0.7605840871419303 0.6901719696224786
0.6901719696224786 0.841317381703876
0.841317381703876 0.18937072720458836
0.18937072720458836 0.5588164064112604
0.5588164064112604 0.2550992963225862
0.2550992963225862 0.5839878345189815
0.5839878345189815 0.14999965671655335
0.14999965671655335 0.05458900527646393
0.05458900527646393 0.2663815058271086
0.2663815058271086 0.28056066281439573
0.28056066281439573 0.6191083887852862
0.6191083887852862 0.4445358186322592
0.4445358186322592 0.157292426659303
0.157292426659303 0.8281947990763059
0.8281947990763059 0.732274560545285
0.732274560545285 0.17767857073381954
0.17767857073381954 0.6832801253037526
0.6832801253037526 0.2968312153259298
0.2968312153259298 0.5360734928646074
0.5360734928646074 0.3355547941052346
0.3355547941052346 0.6505465690329864
0.6505465690329864 0.10000416605284057
0.10000416605284057 0.448726410251993
0.448726410251993 0.49822166525473977
0.49822166525473977 0.23998499466854417
0.23998499466854417 0.11169916482639031
0.11169916482639031 0.593109550112981
0.593109550112981 0.363804815128435
0.363804815128435 0.16801369409021127
0.16801369409021127 0.9799792807709946
0.9799792807709946 0.8599328342951615
0.8599328342951615 0.5940750199950542
0.5940750199950542 0.33542142140618525
0.33542142140618525 0.19107435396745043
0.19107435396745043 0.046191062174814945
0.046191062174814945 0.7954239456857031
0.7954239456857031 0.49293944772651344
0.49293944772651344 0.8570898034195737
0.8570898034195737 0.5982220312011819
0.5982220312011819 0.2123769108837117
0.2123769108837117 0.017024259243452633
0.017024259243452633 0.6909556072988805
0.6909556072988805 0.10765218391939424
0.10765218391939424 0.19497451205803706
0.19497451205803706 0.23176560289612191
0.23176560289612191 0.5672918588697033
0.5672918588697033 0.43777701416126075
0.43777701416126075 0.8882692222583238
0.8882692222583238 0.9928976350570348
0.9928976350570348 0.1856587098093776
0.1856587098093776 0.9186361689882314
0.9186361689882314 0.7982033691095456
0.7982033691095456 0.8517076478123651
0.8517076478123651 0.5204662166398069
0.5204662166398069 0.27457023321629226
0.27457023321629226 0.8244413004314672
0.8244413004314672 0.9902366208315867
0.9902366208315867 0.5005208256172132
0.5005208256172132 0.7101403063164666
0.7101403063164666 0.3277351133586208
0.3277351133586208 0.3490815508643266
0.3490815508643266 0.43641613443976457
0.43641613443976457 0.4258696846494394
0.4258696846494394 0.892586566656256
0.892586566656256 0.8852760769406647
0.8852760769406647 0.1258618335942172
0.1258618335942172 0.9158431910976153
0.9158431910976153 0.7715368814056605
0.7715368814056605 0.4044551270197587
0.4044551270197587 0.31638521403986664
0.31638521403986664 0.9614659340050578
0.9614659340050578 0.10158201374542664
0.10158201374542664 0.12251815451887671
0.12251815451887671 0.003066140916562876
0.003066140916562876 0.167387268159642
0.167387268159642 0.574975646942494
0.574975646942494 0.24379783322229676
0.24379783322229676 0.09087628929769975
0.09087628929769975 0.41974883142891706
0.41974883142891706 0.3993255629074606
0.3993255629074606 0.7285632358758329
0.7285632358758329 0.06300847908213614
0.06300847908213614 0.0867320884475915
0.0867320884475915 0.585667929771456
0.585667929771456 0.051135016718825144
0.051135016718825144 0.18164966100216384
