3 867
51 6548
867 4833
6548 251
4833 4267
251 7011
4267 4513
7011 3002
4513 1888
3002 7523
1888 5026
7523 3532
5026 2707
3532 5064
2707 4178
5064 5498
4178 3365
5498 8059
3365 5947
8059 2807
5947 6764
2807 314
6764 5338
314 645
5338 2774
645 6203
2774 7159
6203 7029
7159 4819
7029 13
4819 221
13 3757
221 6532
3757 4561
6532 3818
4561 7569
3818 5808
7569 444
5808 7548
444 5451
7548 2566
5451 2667
2566 4384
2667 809
4384 5562
809 4453
5562 1982
4453 930
1982 7619
930 6658
7619 6703
6658 7468
6703 4091
7468 4019
4091 2795
4019 6560
2795 5037
6560 3719
5037 5886
3719 1770
5886 5517
1770 3688
5517 5359
3688 1002
5359 652
1002 2893
652 35
2893 595
35 1924
595 8135
1924 7239
8135 198
7239 3366
198 8076
3366 6236
8076 7720
6236 184
7720 3128
184 4030
3128 2982
4030 1548
2982 1743
1548 5058
1743 4076
5058 3764
4076 6651
3764 6584
6651 5445
6584 2464
5445 933
2464 7670
933 7525
7670 5060
7525 4110
5060 4342
4110 95
4342 1615
95 2882
1615 8039
2882 5607
8039 5218
5607 6796
5218 858
6796 6395
858 2232
6395 5180
2232 6150
5180 6258
6150 8094
6258 6542
8094 4731
6542 6708
4731 7553
6708 5536
7553 4011
5536 2659
4011 4248
2659 6688
4248 7213
6688 7947
7213 4043
7947 3203
4043 5305
3203 84
5305 1428
84 7894
1428 3142
7894 4268
3142 7028
4268 4802
7028 7915
4802 3499
7915 2146
3499 3718
2146 5869
3718 1481
5869 604
1481 2077
604 2545
2077 2310
2545 6506
2310 4119
6506 4495
4119 2696
4495 4877
2696 999
4877 601
999 2026
601 1678
2026 3953
1678 1673
3953 3868
1673 228
3868 3876
228 364
3876 6188
364 6904
6188 2694
6904 4843
2694 421
4843 7157
421 6995
7157 4241
6995 6569
4241 5190
6569 6320
5190 957
6320 8078
957 6270
8078 107
6270 1819
107 6350
1819 1467
6350 366
1467 6222
366 7482
6222 4329
7482 8065
4329 6049
8065 4541
6049 3478
4541 1789
3478 5840
1789 988
5840 414
988 7038
414 4972
7038 2614
4972 3483
2614 1874
3483 7285
1874 980
7285 278
980 4726
278 6623
4726 6108
6623 5544
6108 4147
5544 4971
4147 2597
4971 3194
2597 5152
3194 5674
5152 6357
5674 1586
6357 2389
1586 7849
2389 2377
7849 7645
2377 7100
7645 6026
7100 4150
6026 5022
4150 3464
5022 1551
3464 1794
1551 5925
1794 2433
5925 406
2433 6902
406 2660
6902 4265
2660 6977
4265 3935
6977 1367
3935 6857
1367 1895
6857 7642
1895 7049
7642 5159
7049 5793
5159 189
5793 3213
189 5475
3213 2974
5475 1412
2974 7622
1412 6709
7622 7570
6709 5825
7570 733
5825 4270
733 7062
4270 5380
7062 1359
5380 6721
1359 7774
6721 1102
7774 2352
1102 7220
2352 8066
7220 6066
8066 4830
6066 200
4830 3400
200 463
3400 7871
463 2751
7871 5812
2751 512
5812 513
512 530
513 819
530 5732
819 7343
5732 1966
7343 658
1966 2995
658 1769
2995 5500
1769 3399
5500 446
3399 7582
446 6029
7582 4201
6029 5889
4201 1821
5889 6384
1821 2045
6384 2001
2045 1253
2001 4919
1253 1713
4919 4548
1713 3597
4548 3812
3597 7467
3812 4074
7467 3730
4074 6073
3730 4949
6073 2223
4949 5027
2223 3549
5027 2996
3549 1786
2996 5789
1786 121
5789 2057
121 2205
2057 4721
2205 6538
4721 4663
6538 5552
4663 4283
5552 7283
4283 946
7283 7891
946 3091
7891 3401
3091 480
3401 8160
480 7664
8160 7423
7664 3326
7423 7396
3326 2867
7396 7784
2867 1272
7784 5242
1272 7204
5242 7794
7204 1442
7794 8132
1442 7188
8132 7522
7188 5009
7522 3243
5009 5985
3243 3453
5985 1364
3453 6806
1364 1028
6806 1094
1028 2216
1094 4908
2216 1526
4908 1369
1526 6891
1369 2473
6891 1086
2473 2080
1086 2596
2080 3177
2596 4863
3177 761
4863 4746
761 6963
4746 3697
6963 5512
3697 3603
5512 3914
3603 1010
3914 788
1010 5205
788 6575
5205 5292
6575 8054
5292 5862
8054 1362
5862 6772
1362 450
6772 7650
450 7185
7650 7471
7185 4142
7471 4886
4142 1152
4886 3202
1152 5288
3202 7986
5288 4706
7986 6283
4706 328
6283 5576
328 4691
5576 6028
4691 4184
6028 5600
4184 5099
5600 4773
5099 7422
4773 3309
7422 7107
3309 6145
7107 6173
6145 6649
6173 6550
6649 4867
6550 829
4867 5902
829 2042
5902 1950
2042 386
1950 6562
386 5071
6562 4297
5071 7521
4297 4992
7521 2954
4992 1072
2954 1842
1072 6741
1842 8114
6741 6882
8114 2320
6882 6676
2320 7009
6676 4479
7009 2424
4479 253
2424 4301
253 7589
4301 6148
7589 6224
6148 7516
6224 4907
7516 1509
4907 1080
1509 1978
1080 862
1978 6463
862 3388
6463 259
3388 4403
259 1132
4403 2862
1132 7699
2862 8018
7699 5250
8018 7340
5250 1915
7340 7982
1915 4638
7982 5127
4638 5249
5127 7323
5249 1626
7323 3069
1626 3027
3069 2313
3027 6557
2313 4986
6557 2852
4986 7529
2852 5128
7529 5266
5128 7612
5266 6539
7612 4680
6539 5841
4680 1005
5841 703
1005 3760
703 6583
3760 5428
6583 2175
5428 4211
2175 6059
4211 4711
6059 6368
4711 1773
6368 5568
1773 4555
5568 3716
4555 5835
3716 903
5835 7160
903 7046
7160 5108
7046 4926
5108 1832
4926 6571
1832 5224
6571 6898
5224 2592
6898 3109
2592 3707
3109 5682
3707 6493
5682 3898
6493 738
3898 4355
738 316
4355 5372
316 1223
5372 4409
1223 1234
4409 4596
1234 4413
4596 1302
4413 5752
1302 7683
5752 7746
7683 626
7746 2451
626 712
2451 3913
712 993
3913 499
993 292
499 4964
292 2478
4964 1171
2478 3525
1171 2588
3525 3041
2588 2551
3041 2412
2551 49
2412 833
49 5970
833 3198
5970 5220
3198 6830
5220 1436
6830 8030
1436 5454
8030 2617
5454 3534
2617 2741
3534 5642
2741 5813
5642 529
5813 802
529 5443
802 2430
5443 355
2430 6035
355 4303
6035 7623
4303 6726
7623 7859
6726 2547
7859 2344
2547 7084
2344 5754
7084 7717
5754 133
7717 2261
133 5673
2261 6340
5673 1297
6340 5667
1297 6238
5667 7754
6238 762
7754 4763
762 7252
4763 419
7252 7123
419 6417
7123 2606
6417 3347
2606 7753
3347 745
7753 4474
745 2339
4474 6999
2339 4309
6999 7725
4309 269
7725 4573
269 4022
4573 2846
4022 7427
2846 3394
7427 361
3394 6137
361 6037
6137 4337
6037 10
4337 170
10 2890
170 8175
2890 7919
8175 3567
7919 3302
3567 6988
3302 4122
6988 4546
4122 3563
4546 3234
3563 5832
3234 852
5832 6293
852 498
6293 275
498 4675
275 5756
4675 7751
5756 711
7751 3896
711 704
3896 3777
704 6872
3777 2150
6872 3786
2150 7025
3786 4751
7025 7048
4751 5142
7048 5504
5142 3467
5504 1602
3467 2661
1602 4282
2661 7266
4282 657
7266 2978
657 1480
2978 587
1480 1788
587 5823
1788 699
5823 3692
699 5427
3692 2158
5427 3922
2158 1146
3922 3100
1146 3554
3100 3081
3554 3231
3081 5781
3231 8176
5781 7936
8176 3856
7936 24
3856 408
24 6936
408 3238
6936 5900
3238 2008
5900 1372
2008 6942
1372 3340
6942 7634
3340 6913
7634 2847
6913 7444
2847 3683
7444 5274
3683 7748
5274 660
7748 3029
660 2347
3029 7135
2347 6621
7135 6074
6621 4966
6074 2512
4966 1749
2512 5160
1749 5810
5160 478
5810 8126
478 7086
8126 5788
7086 104
5788 1768
104 5483
1768 3110
5483 3724
3110 5971
3724 3215
5971 5509
3215 3552
5509 3047
3552 2653
3047 4146
2653 4954
4146 2308
4954 6472
2308 3541
6472 2860
3541 7665
2860 7440
7665 3615
7440 4118
3615 4478
4118 2407
4478 8155
2407 7579
8155 5978
7579 3334
5978 7532
3334 5179
7532 6133
5179 5969
6133 3181
5969 4931
3181 1917
4931 8016
1917 5216
8016 6762
5216 280
6762 4760
280 7201
4760 7743
7201 575
7743 1584
575 2355
1584 7271
2355 742
7271 4423
742 1472
4423 451
1472 7667
451 7474
7667 4193
7474 5753
4193 7700
5753 8035
7700 5539
8035 4062
5539 3526
4062 2605
3526 3330
2605 7464
3330 4023
7464 2863
4023 7716
2863 116
7716 1972
116 760
1972 4729
760 6674
4729 6975
6674 3901
6975 789
3901 5222
789 6864
5222 2014
6864 1474
2014 485
1474 54
485 918
54 7415
918 3190
7415 5084
3190 4518
5084 3087
4518 3333
3087 7515
3333 4890
7515 1220
4890 4358
1220 367
4358 6239
367 7771
6239 1051
7771 1485
1051 672
1485 3233
672 5815
3233 563
5815 1380
563 7078
1380 5652
7078 5983
5652 3419
5983 786
3419 5171
786 5997
5171 3657
5997 4832
3657 234
4832 3978
234 2098
3978 2902
2098 188
2902 3196
188 5186
3196 6252
5186 7992
6252 4808
7992 8017
4808 5233
8017 7051
5233 5193
7051 6371
5193 1824
6371 6435
1824 2912
6435 358
2912 6086
358 5170
6086 5980
5170 3368
5980 8110
3368 6814
8110 1164
6814 3406
1164 565
3406 1414
565 7656
1414 7287
7656 1014
7287 856
1014 6361
856 1654
6361 3545
1654 2928
3545 630
2928 2519
630 1868
2519 7183
1868 7437
7183 3564
7437 3251
3564 6121
3251 5765
6121 7904
5765 3312
7904 7158
3312 7012
7158 4530
7012 3291
4530 6801
3291 943
6801 7840
943 2224
7840 5044
2224 3838
5044 7909
3838 3397
7909 412
3397 7004
412 4394
7004 979
4394 261
979 4437
261 1710
4437 4497
1710 2730
4497 5455
2730 2634
5455 3823
2634 7654
3823 7253
7654 436
7253 7412
436 3139
7412 4217
3139 6161
4217 6445
6161 3082
6445 3248
3082 6070
3248 4898
6070 1356
4898 6670
1356 6907
6670 2745
6907 5710
2745 6969
5710 3799
6969 7246
3799 317
7246 5389
317 1512
5389 1131
1512 2845
1131 7410
2845 3105
7410 3639
3105 4526
3639 3223
4526 5645
3223 5864
5645 1396
5864 7350
1396 2085
7350 2681
2085 4622
2681 4855
4622 625
4855 2434
625 423
2434 7191
423 7573
7191 5876
7573 1600
5876 2627
1600 3704
2627 5631
3704 5626
5631 5541
5626 4096
5541 4104
4096 4240
4104 6552
4240 4901
6552 1407
4901 7537
1407 5264
7537 7578
5264 5961
7578 3045
5961 2619
3045 3568
2619 3319
3568 7277
3319 844
7277 6157
844 6377
6157 1926
6377 8169
1926 7817
8169 1833
7817 6588
1833 5513
6588 3620
5513 4203
3620 5923
4203 2399
5923 8019
2399 5267
8019 7629
5267 6828
7629 1402
6828 7452
1402 3819
7452 7586
3819 6097
7586 5357
6097 968
5357 74
968 1258
74 5004
1258 3158
5004 4540
3158 3461
4540 1500
3461 927
1500 7568
927 5791
7568 155
5791 2635
155 3840
2635 7943
3840 3975
7943 2047
3975 2035
2047 1831
2035 6554
1831 4935
6554 1985
4935 981
1985 295
981 5015
295 3345
5015 7719
3345 167
7719 2839
167 7308
2839 1371
7308 6925
1371 3051
6925 2721
3051 5302
2721 33
5302 561
33 1346
561 6500
1346 4017
6500 2761
4017 5982
2761 3402
5982 497
3402 258
497 4386
258 843
4386 6140
843 6088
6140 5204
6088 6558
5204 5003
6558 3141
5003 4251
3141 6739
4251 8080
6739 6304
8080 685
6304 3454
685 1381
3454 7095
1381 5941
7095 2705
5941 5030
2705 3600
5030 3863
3600 143
3863 2431
143 372
2431 6324
372 1025
6324 1043
1025 1349
1043 6551
1349 4884
6551 1118
4884 2624
1118 3653
2624 4764
3653 7269
4764 708
7269 3845
708 8028
3845 5420
8028 2039
5420 1899
2039 7710
1899 14
7710 238
14 4046
238 3254
4046 6172
3254 6632
6172 6261
6632 8145
6261 7409
8145 3088
7409 3350
3088 7804
3350 1612
7804 2831
1612 7172
2831 7250
7172 385
7250 6545
385 4782
6545 7575
4782 5910
7575 2178
5910 4262
2178 6926
4262 3068
6926 3010
3068 2024
3010 1644
2024 3375
1644 38
3375 646
38 2791
646 6492
2791 3881
6492 449
3881 7633
449 6896
7633 2558
6896 2531
2558 2072
2531 2460
2072 865
2460 6514
865 4255
6514 6807
4255 1045
6807 1383
1045 7129
1383 6519
7129 4340
6519 61
4340 1037
61 1247
1037 4817
1247 8170
4817 7834
8170 2122
7834 3310
2122 7124
3310 6434
7124 2895
6434 69
2895 1173
69 3559
1173 3166
3559 4676
3166 5773
4676 8040
5773 5624
8040 5507
5624 3518
5507 2469
3518 1018
2469 924
1018 7517
924 4924
7517 1798
4924 5993
1798 3589
5993 3676
3589 5155
3676 5725
5155 7224
5725 8134
7224 7222
8134 8100
7222 6644
8100 6465
6644 3422
6465 837
3422 6038
837 4354
6038 299
4354 5083
299 4501
5083 2798
4501 6611
2798 5904
6611 2076
5904 2528
2076 2021
2528 1593
2021 2508
1593 1681
2508 4004
1681 2540
4004 2225
2540 5061
2225 4127
5061 4631
4127 5008
4631 3226
5008 5696
3226 6731
5696 7944
6731 3992
7944 2336
3992 6948
2336 3442
6948 1177
3442 3627
1177 4322
3627 7946
4322 4026
7946 2914
4026 392
2914 6664
392 6805
6664 1011
6805 805
1011 5494
805 3297
5494 6903
3297 2677
6903 4554
2677 3699
4554 5546
3699 4181
5546 5549
4181 4232
5549 6416
4232 2589
6416 3058
2589 2840
3058 7325
2840 1660
7325 3647
1660 4662
3647 5535
4662 3994
5535 2370
3994 7526
2370 5077
7526 4399
5077 1064
4399 1706
1064 4429
1706 1574
4429 2185
1574 4381
2185 758
4381 4695
758 6096
4695 5340
6096 679
5340 3352
679 7838
3352 2190
7838 4466
2190 2203
4466 4687
2203 5960
4687 3028
5960 2330
3028 6846
2330 1708
6846 4463
1708 2152
4463 3820
2152 7603
3820 6386
7603 2079
6386 2579
2079 2888
2579 8141
2888 7341
8141 1932
7341 80
1932 1360
80 6738
1360 8063
6738 6015
8063 3963
6015 1843
3963 6758
1843 212
6758 3604
212 3931
3604 1299
3931 5701
1299 6816
5701 1198
6816 3984
1198 2200
3984 4636
2200 5093
4636 4671
5093 5688
4671 6595
5688 5632
6595 5643
5632 5830
5643 818
5830 5715
818 7054
5715 5244
7054 7238
5244 181
7238 3077
181 3163
3077 4625
3163 4906
4625 1492
4906 791
1492 5256
791 7442
5256 3649
7442 4696
3649 6113
4696 5629
6113 5592
5629 4963
5592 2461
4963 882
2461 6803
882 977
6803 227
977 3859
227 75
3859 1275
75 5293
1275 8071
5293 6151
8071 6275
6151 192
6275 3264
192 6342
3264 1331
6342 6245
1331 7873
6245 2785
7873 6390
2785 2147
6390 3735
2147 6158
3735 6394
6158 2215
6394 4891
2215 1237
4891 4647
1237 5280
4647 7850
5280 2394
7850 7934
2394 3822
7934 7637
3822 6964
7637 3714
6964 5801
3714 325
5801 5525
325 3824
5525 7671
3824 7542
7671 5349
7542 832
5349 5953
832 2909
5953 307
2909 5219
307 6813
5219 1147
6813 3117
1147 3843
3117 7994
3843 4842
7994 404
4842 6868
404 2082
6868 2630
2082 3755
2630 6498
3755 3983
6498 2183
3983 4347
2183 180
4347 3060
180 2874
3060 7903
2874 3295
7903 6869
3295 2099
6869 2919
2099 477
2919 8109
477 6797
8109 875
6797 6684
875 7145
6684 6791
7145 773
6791 4950
773 2240
4950 5316
2240 271
5316 4607
271 4600
4607 4481
4600 2458
4481 831
2458 5936
831 2620
5936 3585
2620 3608
3585 3999
3608 2455
3999 780
2455 5069
780 4263
5069 6943
4263 3357
6943 7923
3357 3635
7923 4458
3635 2067
4458 2375
2067 7611
2375 6522
7611 4391
6522 928
4391 7585
928 6080
7585 5068
6080 4246
5068 6654
4246 6635
6654 6312
6635 821
6312 5766
821 7921
5766 3601
7921 3880
3601 432
3880 7344
432 1983
7344 947
1983 7908
947 3380
7908 123
3380 2091
123 2783
2091 6356
2783 1569
6356 2100
1569 2936
2100 766
2936 4831
766 217
4831 3689
217 5376
3689 1291
5376 5565
1291 4504
5565 2849
4504 7478
2849 4261
7478 6909
4261 2779
6909 6288
2779 413
6288 7021
413 4683
7021 5892
4683 1872
5892 7251
1872 402
7251 6834
402 1504
6834 995
1504 533
995 870
533 6599
870 5700
6599 6799
5700 909
6799 7262
909 589
7262 1822
589 6401
1822 2334
6401 6914
2334 2864
6914 7733
2864 405
7733 6885
405 2371
6885 7543
2371 5366
7543 1121
5366 2675
1121 4520
2675 3121
4520 3911
3121 959
3911 8112
959 6848
8112 1742
6848 5041
1742 3787
5041 7042
3787 5040
7042 3770
5040 6753
3770 127
6753 2159
127 3939
2159 1435
3939 8013
1435 5165
8013 5895
5165 1923
5895 8118
1923 6950
8118 3476
6950 1755
3476 5262
1755 7544
5262 5383
7544 1410
5383 7588
1410 6131
7588 5935
6131 2603
5935 3296
2603 6886
3296 2388
6886 7832
2388 2088
7832 2732
2088 5489
2732 3212
5489 5458
3212 2685
5458 4690
2685 6011
4690 3895
6011 687
3895 3488
687 1959
3488 539
1959 972
539 142
972 2414
142 83
2414 1411
83 7605
1411 6420
7605 2657
6420 4214
2657 6110
4214 5578
6110 4725
5578 6606
4725 5819
6606 631
5819 2536
631 2157
2536 3905
2157 857
3905 6378
857 1943
6378 267
1943 4539
267 3444
4539 1211
3444 4205
1211 5957
4205 2977
5957 1463
2977 298
1463 5066
298 4212
5066 6076
4212 5000
6076 3090
5000 3384
3090 191
3384 3247
191 6053
3247 4609
6053 4634
4609 5059
4634 4093
5059 4053
4093 3373
4053 4
3373 68
4 1156
68 3270
1156 6444
3270 3065
6444 2959
3065 1157
2959 3287
1157 6733
3287 7978
6733 4570
7978 3971
4570 1979
3971 879
1979 6752
879 110
6752 1870
110 7217
1870 8015
7217 5199
8015 6473
5199 3558
6473 3149
3558 4387
3149 860
4387 6429
860 2810
6429 6815
2810 1181
6815 3695
1181 5478
3695 3025
5478 2279
3025 5979
2279 3351
5979 7821
3351 1901
7821 7744
1901 592
7744 1873
592 7268
1873 691
7268 3556
691 3115
3556 3809
3115 7416
3809 3207
7416 5373
3207 1240
5373 4698
1240 6147
4698 6207
6147 7227
6207 8185
7227 8089
8185 6457
8089 3286
6457 6716
3286 7689
6716 7848
7689 2360
7848 7356
2360 2187
7356 4415
2187 1336
4415 6330
1336 1127
6330 2777
1127 6254
2777 8026
6254 5386
8026 1461
5386 264
1461 4488
264 2577
4488 2854
2577 7563
2854 5706
7563 6901
5706 2643
6901 3976
2643 2064
3976 2324
2064 6744
2324 8165
6744 7749
8165 677
7749 3318
677 7260
3318 555
7260 1244
555 4766
1244 7303
4766 1286
7303 5480
1286 3059
5480 2857
3059 7614
2857 6573
7614 5258
6573 7476
5258 4227
7476 6331
4227 1144
6331 3066
1144 2976
3066 1446
2976 9
1446 153
9 2601
153 3262
2601 6308
3262 753
6308 4610
753 4651
4610 5348
4651 815
5348 5664
815 6187
5664 6887
6187 2405
6887 8121
2405 7001
8121 4343
7001 112
4343 1904
112 7795
1904 1459
7795 230
1459 3910
230 942
3910 7823
942 1935
7823 131
1935 2227
131 5095
2227 4705
5095 6266
4705 39
6266 663
39 3080
663 3214
3080 5492
3214 3263
5492 6325
3263 1042
6325 1332
1042 6262
1332 8162
6262 7698
8162 8001
7698 4961
8001 2427
4961 304
2427 5168
304 5946
5168 2790
5946 6475
2790 3592
6475 3727
3592 6022
3727 4082
6022 3866
4082 194
3866 3298
194 6920
3298 2966
6920 1276
2966 5310
1276 169
5310 2873
169 7886
2873 3006
7886 1956
3006 488
1956 105
488 1785
105 5772
1785 8023
5772 5335
8023 594
5335 1907
594 7846
1907 2326
7846 6778
2326 552
6778 1193
552 3899
1193 755
3899 4644
755 5229
4644 6983
5229 4037
6983 3101
4037 3571
3101 3370
3571 8144
3370 7392
8144 2799
7392 6628
2799 6193
6628 6989
6193 4139
6989 4835
4139 285
4835 4845
285 455
4845 7735
455 439
7735 7463
439 4006
7463 2574
4006 2803
2574 6696
2803 7349
6696 2068
7349 2392
2068 7900
2392 3244
7900 6002
3244 3742
6002 6277
3742 226
6277 3842
226 7977
3842 4553
7977 3682
4553 5257
3682 7459
5257 3938
7459 1418
3938 7724
1418 252
7724 4284
252 7300
4284 1235
7300 4613
1235 4702
4613 6215
4702 7363
6215 2306
7363 6438
2306 2963
6438 1225
2963 4443
1225 1812
4443 6231
1812 7635
6231 6930
7635 3136
6930 4166
3136 5294
4166 8088
5294 6440
8088 2997
6440 1803
2997 6078
1803 5034
6078 3668
5034 5019
3668 3413
5019 684
3413 3437
684 1092
3437 2182
1092 4330
2182 8082
4330 6338
8082 1263
6338 5089
1263 4603
5089 4532
4603 3325
4532 7379
3325 2578
7379 2871
2578 7852
2871 2428
7852 321
2428 5457
321 2668
5457 4401
2668 1098
4401 2284
1098 6064
2284 4796
6064 7813
4796 1765
7813 5432
1765 2243
5432 5367
2243 1138
5367 2964
1138 1242
2964 4732
1242 6725
4732 7842
6725 2258
7842 5622
2258 5473
5622 2940
5473 834
2940 5987
834 3487
5987 1942
3487 250
1942 4250
250 6722
4250 7791
6722 1391
7791 7265
1391 640
7265 2689
640 4758
2689 7167
4758 7165
7167 7131
7165 6553
7131 4918
6553 1696
4918 4259
1696 6875
4259 2201
6875 4653
2201 5382
4653 1393
5382 7299
1393 1218
7299 4324
1218 7980
4324 4604
7980 4549
4604 3614
4549 4101
3614 4189
4101 5685
4189 6544
5685 4765
6544 7286
4765 997
7286 567
997 1448
567 43
1448 731
43 4236
731 6484
4236 3745
6484 6328
3745 1093
6328 2199
1093 4619
2199 4804
4619 7949
4804 4077
7949 3781
4077 6940
3781 3306
6940 7056
3306 5278
7056 7816
5278 1816
7816 6299
1816 600
6299 2009
600 1389
2009 7231
1389 62
7231 1054
62 1536
1054 1539
1536 1590
1539 2457
1590 814
2457 5647
814 5898
5647 1974
5898 794
1974 5307
794 118
5307 2006
118 1338
2006 6364
1338 1705
6364 4412
1705 1285
4412 5463
1285 2770
5463 6135
2770 6003
6135 3759
6003 6566
3759 5139
6566 5453
5139 2600
5453 3245
2600 6019
3245 4031
6019 2999
4031 1837
2999 6656
1837 6669
6656 6890
6669 2456
6890 797
2456 5358
797 985
5358 363
985 6171
363 6615
6171 5972
6615 3232
5972 5798
3232 274
5798 4658
274 5467
4658 2838
5467 7291
2838 1082
7291 2012
1082 1440
2012 8098
1440 6610
8098 5887
6610 1787
5887 5806
1787 410
5806 6970
410 3816
6970 7535
3816 5230
7535 7000
5230 4326
7000 8014
4326 5182
8014 6184
5182 6836
6184 1538
6836 1573
1538 2168
1573 4092
2168 4036
4092 3084
4036 3282
3084 6648
3282 6533
6648 4578
6533 4107
4578 4291
4107 7419
4291 3258
7419 6240
3258 7788
6240 1340
7788 6398
1340 2283
6398 6047
2283 4507
6047 2900
4507 154
2900 2618
154 3551
2618 3030
3551 2364
3030 7424
2364 3343
7424 7685
3343 7780
7685 1204
7780 4086
1204 3934
4086 1350
3934 6568
1350 5173
6568 6031
5173 4235
6031 6467
4235 3456
6467 1415
3456 7673
1415 7576
7673 5927
7576 2467
5927 984
2467 346
984 5882
346 1702
5882 4361
1702 418
4361 7106
418 6128
7106 5884
6128 1736
5884 4939
1736 2053
4939 2137
2053 3565
2137 3268
3565 6410
3268 2487
6410 1324
2487 6126
1324 5850
6126 1158
5850 3304
1158 7022
3304 4700
7022 6181
4700 6785
6181 671
6785 3216
671 5526
3216 3841
5526 7960
3841 4264
7960 6960
4264 3646
6960 4645
3646 5246
4645 7272
5246 759
7272 4712
759 6385
4712 2062
6385 2290
2062 6166
2290 6530
6166 4527
6530 3240
4527 5934
3240 2586
5934 3007
2586 1973
3007 777
1973 5018
777 3396
5018 395
3396 6715
395 7672
6715 7559
7672 5638
7559 5745
5638 7564
5745 5723
7564 7190
5723 7556
7190 5587
7556 4878
5587 1016
4878 890
1016 6939
890 3289
6939 6767
3289 365
6767 6205
365 7193
6205 7607
7193 6454
7607 3235
6454 5849
3235 1141
5849 3015
1141 2109
3015 3089
2109 3367
3089 8093
3367 6525
8093 4442
6525 1795
4442 5942
1795 2722
5942 5319
2722 322
5319 5474
322 2957
5474 1123
2957 2709
1123 5098
2709 4756
5098 7133
4756 6587
7133 5496
6587 3331
5496 7481
3331 4312
7481 7776
4312 1136
7776 2930
1136 664
2930 3097
664 3503
3097 2214
3503 4874
2214 948
4874 7925
948 3669
7925 5036
3669 3702
5036 5597
3702 5048
5597 3906
5048 874
3906 6667
874 6856
6667 1878
6856 7353
1878 2136
7353 3548
2136 2979
3548 1497
2979 876
1497 6701
876 7434
6701 3513
7434 2384
3513 7764
2384 932
7764 7653
932 7236
7653 147
7236 2499
147 1528
2499 1403
1528 7469
1403 4108
7469 4308
4108 7708
4308 8171
7708 7851
8171 2411
7851 32
2411 544
32 1057
544 1587
1057 2406
1587 8138
2406 7290
8138 1065
7290 1723
1065 4718
1723 6487
4718 3796
6487 7195
3796 7641
7195 7032
7641 4870
7032 880
4870 6769
880 399
6769 6783
399 637
6783 2638
637 3891
2638 619
3891 2332
619 6880
2332 2286
6880 6098
2286 5374
6098 1257
5374 4987
1257 2869
4987 7818
2869 1850
7818 6877
1850 2235
6877 5231
2235 7017
5231 4615
7017 4736
4615 6793
4736 807
6793 5528
807 3875
5528 347
3875 5899
347 1991
5899 1083
1991 2029
1083 1729
2029 4820
1729 30
4820 510
30 479
510 8143
479 7375
8143 2510
7375 1715
2510 4582
1715 4175
4582 5447
4175 2498
5447 1511
2498 1114
1511 2556
1114 2497
2556 1494
2497 825
1494 5834
825 886
5834 6871
886 2133
6871 3497
2133 2112
3497 3140
2112 4234
3140 6450
4234 3167
6450 4693
3167 6062
4693 4762
6062 7235
4762 130
7235 2210
130 4806
2210 7983
4806 4655
7983 5416
4655 1971
5416 743
1971 4440
743 1761
4440 5364
1761 1087
5364 2097
1087 2885
2097 8090
2885 6474
8090 3575
6474 3438
3575 1109
3438 2471
1109 1052
2471 1502
1052 961
1502 8146
961 7426
8146 3377
7426 72
3377 1224
72 4426
1224 1523
4426 1318
1523 6024
1318 4116
6024 4444
4116 1829
4444 6520
1829 4357
6520 350
4357 5950
350 2858
5950 7631
2858 6862
7631 1980
6862 896
1980 7041
896 5023
7041 3481
5023 1840
3481 6707
1840 7536
6707 5247
7536 7289
5247 1048
7289 1434
1048 7996
1434 4876
7996 982
4876 312
982 5304
312 67
5304 1139
67 2981
1139 1531
2981 1454
1531 145
1454 2465
145 950
2465 7959
950 4247
7959 6671
4247 6924
6671 3034
6924 2432
3034 389
2432 6613
389 5938
6613 2654
5938 4163
2654 5243
4163 7221
5243 8083
7221 6355
8083 1552
6355 1811
1552 6214
1811 7346
6214 2017
7346 1525
2017 1352
1525 6602
1352 5751
6602 7666
5751 7457
7666 3904
7457 840
3904 6089
840 5221
6089 6847
5221 1725
6847 4752
1725 7065
4752 5431
7065 2226
5431 5078
2226 4416
5078 1353
4416 6619
1353 6040
6619 4388
6040 877
4388 6718
877 7723
6718 235
7723 3995
235 2387
3995 7815
2387 1799
7815 6010
1799 3878
6010 398
3878 6766
398 348
6766 5916
348 2280
5916 5996
2280 3640
5996 4543
3640 3512
4543 2367
3512 7475
2367 4210
7475 6042
4210 4422
6042 1455
4422 162
1455 2754
162 5863
2754 1379
5863 7061
1379 5363
7061 1070
5363 1808
1070 6163
1808 6479
6163 3660
6479 4883
3660 1101
4883 2335
1101 6931
2335 3153
6931 4455
3153 2016
4455 1508
2016 1063
1508 1689
1063 4140
1689 4852
4140 574
4852 1567
574 2066
1567 2358
2066 7322
2358 1609
7322 2780
1609 6305
2780 702
6305 3743
702 6294
3743 515
6294 564
515 1397
564 7367
1397 2374
7367 7594
2374 6233
7594 7669
6233 7508
7669 4771
7508 7388
4771 2731
7388 5472
2731 2923
5472 545
2923 1074
545 1876
1074 7319
1876 1558
7319 1913
1558 7948
1913 4060
7948 3492
4060 2027
3492 1695
2027 4242
1695 6586
4242 5479
6586 3042
5479 2568
3042 2701
2568 4962
2701 2444
4962 593
2444 1890
593 7557
1890 5604
7557 5167
5604 5929
5167 2501
5929 1562
2501 1981
1562 913
1981 7330
913 1745
7330 5092
1745 4654
5092 5399
4654 1682
5399 4021
1682 2829
4021 7138
2829 6672
7138 6941
6672 3323
6941 7345
3323 2000
7345 1236
2000 4630
1236 4991
4630 2937
4991 783
2937 5120
783 5130
5120 5300
5130 8190
5300 8174
8190 7902
8174 3278
7902 6580
3278 5377
6580 1308
5377 5854
1308 1226
5854 4460
1226 2101
4460 2953
2101 1055
2953 1553
1055 1828
1553 6503
1828 4068
6503 3628
4068 4339
3628 44
4339 748
44 4525
748 3206
4525 5356
3206 951
5356 7976
951 4536
7976 3393
4536 344
3393 5848
344 1124
5848 2726
1124 5387
2726 1478
5387 553
