3 255
255 5293
5293 7591
7591 6337
6337 6230
6230 5326
5326 2205
2205 7223
7223 7821
7821 1314
1314 5207
5207 281
281 7503
7503 7048
7048 1137
1137 6544
6544 7443
7443 1948
1948 1760
1760 2162
2162 3568
3568 213
213 1723
1723 7208
7208 6546
6546 7613
7613 16
16 1360
1360 926
926 4991
4991 6494
6494 3193
3193 1102
1102 3569
3569 298
298 757
757 7008
7008 5928
5928 4229
4229 7252
7252 2095
2095 6064
6064 7598
7598 6932
6932 7659
7659 3926
3926 6070
6070 8108
8108 1136
1136 6459
6459 218
218 2148
2148 2378
2378 5546
5546 4523
4523 7669
7669 4776
4776 4601
4601 6108
6108 3147
3147 5383
5383 7050
7050 1307
1307 4612
4612 7043
7043 712
712 3183
3183 252
252 5038
5038 2298
2298 6937
6937 8084
8084 7287
7287 5070
5070 5018
5018 598
598 1684
1684 3893
3893 3265
3265 7222
7222 7736
7736 2280
2280 5407
5407 899
899 2696
2696 8003
8003 402
402 1406
1406 4836
4836 1510
1510 5485
5485 7529
7529 1067
1067 594
594 1344
1344 7757
7757 4065
4065 1503
1503 4890
4890 6100
6100 2467
2467 4920
4920 459
459 6251
6251 7111
7111 6492
6492 3023
3023 3034
3034 3969
3969 1534
1534 7525
7525 727
727 4458
4458 2144
2144 2038
2038 1219
1219 5323
5323 1950
1950 1930
1930 230
230 3168
3168 7168
7168 3146
3146 5298
5298 8016
8016 1507
1507 5230
5230 2236
2236 1667
1667 2448
2448 3305
3305 2431
2431 1860
1860 2471
2471 5260
5260 4786
4786 5451
5451 4639
4639 1147
1147 7394
7394 5974
5974 8139
8139 3771
3771 1086
1086 2209
2209 7563
7563 3957
3957 514
514 2735
2735 3127
3127 3683
3683 1797
1797 5307
5307 590
590 1004
1004 3430
3430 4865
4865 3975
3975 2044
2044 1729
1729 7718
7718 750
750 6413
6413 4499
4499 5629
5629 3387
3387 1210
1210 4558
4558 2453
2453 3730
3730 5792
5792 860
860 7572
7572 4722
4722 11
11 935
935 5756
5756 5991
5991 1393
1393 3731
3731 5877
5877 8085
8085 7372
7372 4104
4104 4818
4818 8171
8171 6491
6491 2938
2938 4000
4000 4169
4169 2152
2152 2718
2718 1682
1682 3723
3723 5197
5197 7622
7622 781
781 857
857 7317
7317 7620
7620 611
611 2789
2789 7717
7717 665
665 7379
7379 4699
4699 6247
6247 6771
6771 2165
2165 3823
3823 5506
5506 1123
1123 5354
5354 4585
4585 4748
4748 2221
2221 392
392 556
556 6305
6305 3510
3510 3474
3474 414
414 2426
2426 1435
1435 7301
7301 6260
6260 7876
7876 5989
5989 1223
1223 5663
5663 6277
6277 1130
1130 5949
5949 6014
6014 3348
3348 6086
6086 1277
1277 2062
2062 3259
3259 6712
6712 5341
5341 3480
3480 924
924 4821
4821 235
235 3593
3593 2338
2338 2146
2146 2208
2208 7478
7478 4923
4923 714
714 3353
3353 6511
6511 4638
4638 1062
1062 169
169 6174
6174 566
566 7155
7155 2041
2041 1474
1474 2425
2425 1350
1350 76
76 6460
6460 303
303 1182
1182 2178
2178 4928
4928 1139
1139 6714
6714 5511
5511 1548
1548 524
524 3585
3585 1658
1658 1683
1683 3808
3808 4231
4231 7422
7422 163
163 5664
5664 6362
6362 164
164 5749
5749 5396
5396 8155
8155 5131
5131 2012
2012 7200
7200 5866
5866 7150
7150 1616
1616 6304
6304 3425
3425 4440
4440 614
614 3044
3044 4819
4819 65
65 5525
5525 2738
2738 3382
3382 785
785 1197
1197 3453
3453 6820
6820 6330
6330 5635
5635 3897
3897 3605
3605 3358
3358 6936
6936 7999
7999 62
62 5270
5270 5636
5636 3982
3982 2639
2639 3158
3158 6318
6318 4615
4615 7298
7298 6005
6005 2583
2583 6589
6589 3077
3077 7624
7624 951
951 7116
7116 6917
6917 6384
6384 2034
2034 879
879 996
996 2750
2750 4402
4402 5575
5575 6988
6988 4228
4228 7167
7167 3061
3061 6264
6264 25
25 2125
2125 423
423 3191
3191 932
932 5501
5501 698
698 1993
1993 5585
5585 7838
7838 2759
2759 5167
5167 5072
5072 5188
5188 6857
6857 1284
1284 2657
2657 4688
4688 5312
5312 1015
1015 4365
4365 2430
2430 1775
1775 3437
3437 5460
5460 5404
5404 644
644 5594
5594 412
412 2256
2256 3367
3367 7701
7701 7496
7496 6453
6453 7899
7899 7944
7944 3578
3578 1063
1063 254
254 5208
5208 366
366 6537
6537 6848
6848 519
519 3160
3160 6488
6488 2683
2683 6898
6898 4769
4769 4006
4006 4679
4679 4547
4547 1518
1518 6165
6165 7992
7992 7658
7658 3841
3841 7036
7036 117
117 1754
1754 1652
1652 1173
1173 1413
1413 5431
5431 2939
2939 4085
4085 3203
3203 1952
1952 2100
2100 6489
6489 2768
2768 5932
5932 4569
4569 3388
3388 1295
1295 3592
3592 2253
2253 3112
3112 2408
2408 8096
8096 116
116 1669
1669 2618
2618 1373
1373 2031
2031 624
624 3894
3894 3350
3350 6256
6256 7536
7536 1662
1662 2023
2023 8135
8135 3431
3431 4950
4950 3009
3009 1844
1844 1111
1111 4334
4334 7986
7986 7148
7148 1446
1446 45
45 3825
3825 5676
5676 7382
7382 4954
4954 3349
3349 6171
6171 311
311 1862
1862 2641
2641 3328
3328 4386
4386 4215
4215 6062
6062 7428
7428 673
673 8059
8059 5162
5162 4647
4647 1827
1827 7857
7857 4374
4374 3195
3195 1272
1272 1637
1637 8089
8089 7712
7712 240
240 4018
4018 5699
5699 1146
1146 7309
7309 6940
6940 148
148 4389
4389 4470
4470 3164
3164 6828
6828 7010
7010 6098
6098 2297
2297 6852
6852 859
859 7487
7487 5688
5688 211
211 1553
1553 949
949 6946
6946 658
658 6784
6784 3270
3270 7647
7647 2906
2906 1280
1280 2317
2317 361
361 6112
6112 3487
3487 1519
1519 6250
6250 7026
7026 7458
7458 3223
3223 3652
3652 7353
7353 2489
2489 6790
6790 3780
3780 1851
1851 1706
1706 5763
5763 6586
6586 2822
2822 2331
2331 1551
1551 779
779 687
687 1058
1058 8020
8020 1847
1847 1366
1366 1436
1436 7386
7386 5294
5294 7676
7676 5371
5371 6030
6030 4708
4708 7012
7012 6268
6268 365
365 6452
6452 7814
7814 719
719 3778
3778 1681
1681 3638
3638 6163
6163 7822
7822 1399
1399 4241
4241 81
81 6885
6885 3664
3664 182
182 7279
7279 4390
4390 4555
4555 2198
2198 6628
6628 6392
6392 2714
2714 1342
1342 7587
7587 5997
5997 1903
1903 6126
6126 4677
4677 4377
4377 3450
3450 6565
6565 1037
1037 6235
6235 5751
5751 5566
5566 6223
6223 4731
4731 776
776 432
432 3956
3956 429
429 3701
3701 3327
3327 4301
4301 5181
5181 6262
6262 8046
8046 4057
4057 823
823 4427
4427 7700
7700 7411
7411 7419
7419 8099
8099 371
371 6962
6962 2018
2018 7710
7710 70
70 5950
5950 6099
6099 2382
2382 5886
5886 659
659 6869
6869 2304
2304 7447
7447 2288
2288 6087
6087 1362
1362 1096
1096 3059
3059 6094
6094 1957
1957 2525
2525 1659
1659 1768
1768 2842
2842 4031
4031 6804
6804 4970
4970 4709
4709 7097
7097 5302
5302 165
165 5834
5834 4430
4430 7955
7955 4513
4513 6819
6819 6245
6245 6601
6601 4097
4097 4223
4223 6742
6742 7891
7891 7264
7264 3115
3115 2663
2663 5198
5198 7707
7707 8006
8006 657
657 6699
6699 4236
4236 7847
7847 3524
3524 4664
4664 3272
3272 7817
7817 974
974 880
880 1081
1081 1784
1784 4202
4202 4957
4957 3604
3604 3273
3273 7902
7902 8
8 680
680 463
463 6591
6591 3247
3247 5692
5692 551
551 5880
5880 149
149 4474
4474 3504
3504 2964
2964 6210
6210 3626
3626 5143
5143 3032
3032 3799
3799 3466
3466 7925
7925 1963
1963 3035
3035 4054
4054 568
568 7325
7325 109
109 1074
1074 1189
1189 2773
2773 6357
6357 7930
7930 2388
2388 6396
6396 3054
3054 5669
5669 6787
6787 3525
3525 4749
4749 2306
2306 7617
7617 356
356 5687
5687 126
126 2519
2519 1149
1149 7564
7564 4042
4042 7739
7739 2535
2535 2509
2509 299
299 842
842 6042
6042 5728
5728 3611
3611 3868
3868 1140
1140 6799
6799 4545
4545 1348
1348 8097
8097 201
201 703
703 2418
2418 755
755 6838
6838 7860
7860 4629
4629 297
297 672
672 7974
7974 6128
6128 4847
4847 2445
2445 3050
3050 5329
5329 2460
2460 4325
4325 7221
7221 7651
7651 3246
3246 5607
5607 1517
1517 6080
6080 767
767 7858
7858 4459
4459 2229
2229 1072
1072 1019
1019 4705
4705 6757
6757 975
975 965
965 115
115 1584
1584 3584
3584 1573
1573 2649
2649 4008
4008 4849
4849 2615
2615 1118
1118 4929
4929 1224
1224 5748
5748 5311
5311 930
930 5331
5331 2630
2630 2393
2393 6821
6821 6415
6415 4669
4669 3697
3697 2987
2987 8165
8165 5981
5981 543
543 5200
5200 7877
7877 6074
6074 257
257 5463
5463 5659
5659 5937
5937 4994
4994 6749
6749 295
295 502
502 1715
1715 6528
6528 6083
6083 1022
1022 4960
4960 3859
3859 375
375 7302
7302 6345
6345 6910
6910 5789
5789 605
605 2279
2279 5322
5322 1865
1865 2896
2896 430
430 3786
3786 2361
2361 4101
4101 4563
4563 2878
2878 7091
7091 4792
4792 5961
5961 7034
7034 8138
8138 3686
3686 2052
2052 2409
2409 8181
8181 7341
7341 1469
1469 2000
2000 6180
6180 1076
1076 1359
1359 841
841 5957
5957 6694
6694 3811
3811 4486
4486 4524
4524 7754
7754 3810
3810 4401
4401 5490
5490 7954
7954 4428
4428 7785
7785 6445
6445 7219
7219 7481
7481 5178
5178 6007
6007 2753
2753 4657
4657 2677
2677 6388
6388 2374
2374 5206
5206 196
196 278
278 7248
7248 1755
1755 1737
1737 207
207 1213
1213 4813
4813 7746
7746 3130
3130 3938
3938 7090
7090 4707
4707 6927
6927 7234
7234 565
565 7070
7070 3007
3007 1674
1674 3043
3043 4734
4734 1031
1031 5725
5725 3356
3356 6766
6766 1740
1740 462
462 6506
6506 4213
4213 5892
5892 1169
1169 1073
1073 1104
1104 3739
3739 6557
6557 357
357 5772
5772 7351
7351 2319
2319 531
531 4180
4180 3087
3087 283
283 7673
7673 5116
5116 737
737 5308
5308 675
675 38
38 3230
3230 4247
4247 591
591 1089
1089 2464
2464 4665
4665 3357
3357 6851
6851 774
774 262
262 5888
5888 829
829 4937
4937 1904
1904 6211
6211 3711
3711 4177
4177 2832
2832 3181
3181 82
82 6970
6970 2698
2698 8173
8173 6661
6661 1006
1006 3600
3600 2933
2933 3575
3575 808
808 3152
3152 5808
5808 2220
2220 307
307 1522
1522 6505
6505 4128
4128 6858
6858 1369
1369 1691
1691 4488
4488 4694
4694 5822
5822 3410
3410 3165
3165 6913
6913 6044
6044 5898
5898 1679
1679 3468
3468 8095
8095 31
31 2635
2635 2818
2818 1991
1991 5415
5415 1579
1579 3159
3159 6403
6403 3649
3649 7098
7098 5387
5387 7390
7390 5634
5634 3812
3812 4571
4571 3558
3558 7554
7554 3192
3192 1017
1017 4535
4535 498
498 1375
1375 2201
2201 6883
6883 3494
3494 2114
2114 7679
7679 5626
5626 3132
3132 4108
4108 5158
5158 4307
4307 5691
5691 466
466 6846
6846 349
349 5092
5092 6888
6888 3919
3919 5475
5475 6679
6679 2536
2536 2594
2594 7524
7524 642
642 5424
5424 2344
2344 2656
2656 4603
4603 6278
6278 1215
1215 4983
4983 5814
5814 2730
2730 2702
2702 322
322 2797
2797 206
206 1128
1128 5779
5779 7946
7946 3748
3748 7322
7322 8045
8045 3972
3972 1789
1789 4627
4627 127
127 2604
2604 183
183 7364
7364 3424
3424 4355
4355 1580
1580 3244
3244 5437
5437 3449
3449 6480
6480 2003
2003 6435
6435 6369
6369 759
759 7178
7178 3996
3996 3829
3829 6016
6016 3518
3518 4154
4154 877
877 826
826 4682
4682 4802
4802 6811
6811 5565
5565 6138
6138 5697
5697 976
976 1050
1050 7340
7340 1384
1384 2966
2966 6380
6380 1694
1694 4743
4743 1796
1796 5222
5222 1556
1556 1204
1204 4048
4048 58
58 4930
4930 1309
1309 4782
4782 5111
5111 312
312 1947
1947 1675
1675 3128
3128 3768
3768 831
831 5107
5107 8163
8163 5811
5811 2475
2475 5600
5600 922
922 4651
4651 2167
2167 3993
3993 3574
3574 723
723 4118
4118 6008
6008 2838
2838 3691
3691 2477
2477 5770
5770 7181
7181 4251
4251 931
931 5416
5416 1664
1664 2193
2193 6203
6203 3031
3031 3714
3714 4432
4432 8125
8125 2581
2581 6419
6419 5009
5009 8024
8024 2187
2187 5693
5693 636
636 4914
4914 8140
8140 3856
3856 120
120 2009
2009 6945
6945 573
573 7750
7750 3470
3470 74
74 6290
6290 2235
2235 1582
1582 3414
3414 3505
3505 3049
3049 5244
5244 3426
3426 4525
4525 7839
7839 2844
2844 4201
4201 4872
4872 4570
4570 3473
3473 329
329 3392
3392 1635
1635 7919
7919 1453
1453 640
640 5254
5254 4276
4276 3056
3056 5839
5839 4855
4855 3125
3125 3513
3513 3729
3729 5707
5707 1826
1826 7772
7772 5340
5340 3395
3395 1890
1890 5021
5021 853
853 6977
6977 3293
3293 1411
1411 5261
5261 4871
4871 4485
4485 4439
4439 529
529 4010
4010 5019
5019 683
683 718
718 3693
3693 2647
2647 3838
3838 6781
6781 3015
3015 2354
2354 3506
3506 3134
3134 4278
4278 3226
3226 3907
3907 4455
4455 1889
1889 4936
4936 1819
1819 7177
7177 3911
3911 4795
4795 6216
6216 4136
4136 7538
7538 1832
1832 91
91 7735
7735 2195
2195 6373
6373 1099
1099 3314
3314 3196
3196 1357
1357 671
671 7889
7889 7094
7094 5047
5047 3063
3063 6434
6434 6284
6284 1725
1725 7378
7378 4614
4614 7213
7213 6971
6971 2783
2783 7207
7207 6461
6461 388
388 216
216 1978
1978 4310
4310 5946
5946 5759
5759 6246
6246 6686
6686 3131
3131 4023
4023 6124
6124 4507
4507 6309
6309 3850
3850 7801
7801 7805
7805 8145
8145 4281
4281 3481
3481 1009
1009 3855
3855 35
35 2975
2975 7145
7145 1191
1191 2943
2943 4425
4425 7530
7530 1152
1152 7819
7819 1144
1144 7139
7139 681
681 548
548 5625
5625 3047
3047 5074
5074 5358
5358 4925
4925 884
884 1421
1421 6111
6111 3402
3402 2485
2485 6450
6450 7644
7644 2651
2651 4178
4178 2917
2917 2215
2215 8073
8073 6352
6352 7505
7505 7218
7218 7396
7396 6144
6144 6207
6207 3371
3371 8041
8041 3632
3632 5653
5653 5427
5427 2599
2599 7949
7949 4003
4003 4424
4424 7445
7445 2118
2118 8019
8019 1762
1762 2332
2332 1636
1636 8004
8004 487
487 440
440 4636
4636 892
892 2101
2101 6574
6574 1802
1802 5732
5732 3951
3951 4
4 340
340 4327
4327 7391
7391 5719
5719 2846
2846 4371
4371 2940
2940 4170
4170 2237
2237 1752
1752 1482
1482 3105
3105 1813
1813 6667
6667 1516
1516 5995
5995 1733
1733 8058
8058 5077
5077 5613
5613 2027
2027 284
284 7758
7758 4150
4150 537
537 4690
4690 5482
5482 7274
7274 3965
3965 1194
1194 3198
3198 1527
1527 6930
6930 7489
7489 5858
5858 6470
6470 1153
1153 7904
7904 178
178 6939
6939 63
63 5355
5355 4670
4670 3782
3782 2021
2021 7965
7965 5363
5363 5350
5350 4245
4245 421
421 3021
3021 2864
2864 5901
5901 1934
1934 570
570 7495
7495 6368
6368 674
674 8144
8144 4196
4196 4447
4447 1209
1209 4473
4473 3419
3419 3930
3930 6410
6410 4244
4244 336
336 3987
3987 3064
3064 6519
6519 5318
5318 1525
1525 6760
6760 1230
1230 6258
6258 7706
7706 7921
7921 1623
1623 6899
6899 4854
4854 3040
3040 4479
4479 3929
3929 6325
6325 5210
5210 536
536 4605
4605 6448
6448 7474
7474 4583
4583 4578
4578 4153
4153 792
792 1792
1792 4882
4882 5420
5420 2004
2004 6520
6520 5403
5403 559
559 6560
6560 612
612 2874
2874 6751
6751 465
465 6761
6761 1315
1315 5292
5292 7506
7506 7303
7303 6430
6430 5944
5944 5589
5589 8178
8178 7086
7086 4367
4367 2600
2600 8034
8034 3037
3037 4224
4224 6827
6827 6925
6925 7064
7064 2497
2497 7470
7470 4243
4243 251
251 4953
4953 3264
3264 7137
7137 511
511 2480
2480 6025
6025 4283
4283 3651
3651 7268
7268 3455
3455 6990
6990 4398
4398 5235
5235 2661
2661 5028
5028 1448
1448 215
215 1893
1893 5276
5276 6146
6146 6377
6377 1439
1439 7641
7641 2396
2396 7076
7076 3517
3517 4069
4069 1843
1843 1026
1026 5300
5300 8186
8186 7766
7766 4830
4830 1000
1000 3090
3090 538
538 4775
4775 4516
4516 7074
7074 3347
3347 6001
6001 2243
2243 2262
2262 3877
3877 1905
1905 6296
6296 2745
2745 3977
3977 2214
2214 7988
7988 7318
7318 7705
7705 7836
7836 2589
2589 7099
7099 5472
5472 6424
6424 5434
5434 3194
3194 1187
1187 2603
2603 98
98 139
139 3624
3624 4973
4973 4964
4964 4199
4199 4702
4702 6502
6502 3873
3873 1565
1565 1969
1969 3545
3545 6449
6449 7559
7559 3617
3617 4378
4378 3535
3535 5599
5599 837
837 5617
5617 2367
2367 4611
4611 6958
6958 1678
1678 3383
3383 870
870 231
231 3253
3253 6202
6202 2946
2946 4680
4680 4632
4632 552
552 5965
5965 7374
7374 4274
4274 2886
2886 7771
7771 5255
5255 4361
4361 2090
2090 5639
5639 4237
4237 7932
7932 2558
2558 4464
4464 2654
2654 4433
4433 19
19 1615
1615 6219
6219 4391
4391 4640
4640 1232
1232 6428
6428 5774
5774 7521
7521 387
387 131
131 2944
2944 4510
4510 6564
6564 952
952 7201
7201 5951
5951 6184
6184 1416
1416 5686
5686 41
41 3485
3485 1349
1349 8182
8182 7426
7426 503
503 1800
1800 5562
5562 5883
5883 404
404 1576
1576 2904
2904 1110
1110 4249
4249 761
761 7348
7348 2064
2064 3429
3429 4780
4780 4941
4941 2244
2244 2347
2347 2911
2911 1705
1705 5678
5678 7552
7552 3022
3022 2949
2949 4935
4935 1734
1734 8143
8143 4111
4111 5413
5413 1409
1409 5091
5091 6803
6803 4885
4885 5675
5675 7297
7297 5920
5920 3549
3549 6789
6789 3695
3695 2817
2817 1906
1906 6381
6381 1779
1779 3777
3777 1596
1596 4604
4604 6363
6363 249
249 4783
4783 5196
5196 7537
7537 1747
1747 1057
1057 7935
7935 2813
2813 1566
1566 2054
2054 2579
2579 6249
6249 6941
6941 233
233 3423
3423 4270
4270 2546
2546 3444
3444 6055
6055 6833
6833 7435
7435 1268
1268 1297
1297 3762
3762 321
321 2712
2712 1172
1172 1328
1328 6397
6397 3139
3139 4703
4703 6587
6587 2907
2907 1365
1365 1351
1351 161
161 5494
5494 103
103 564
564 6985
6985 3973
3973 1874
1874 3661
3661 8118
8118 1986
1986 4990
4990 6409
6409 4159
4159 1302
1302 4187
4187 3682
3682 1712
1712 6273
6273 790
790 1622
1622 6814
6814 5820
5820 3240
3240 5097
5097 7313
7313 7280
7280 4475
4475 3589
3589 1998
1998 6010
6010 3008
3008 1759
1759 2077
2077 4534
4534 413
413 2341
2341 2401
2401 7501
7501 6878
6878 3069
3069 6944
6944 488
488 525
525 3670
3670 692
692 1483
1483 3190
3190 847
847 6467
6467 898
898 2611
2611 778
778 602
602 2024
2024 29
29 2465
2465 4750
4750 2391
2391 6651
6651 156
156 5069
5069 4933
4933 1564
1564 1884
1884 4511
4511 6649
6649 8177
8177 7001
7001 5333
5333 2800
2800 461
461 6421
6421 5179
5179 6092
6092 1787
1787 4457
4457 2059
2059 3004
3004 1419
1419 5941
5941 5334
5334 2885
2885 7686
7686 6221
6221 4561
4561 2708
2708 832
832 5192
5192 7197
7197 5611
5611 1857
1857 2216
2216 8158
8158 5386
5386 7305
7305 6600
6600 4012
4012 5189
5189 6942
6942 318
318 2457
2457 4070
4070 1928
1928 60
60 5100
5100 7568
7568 4382
4382 3875
3875 1735
1735 37
37 3145
3145 5213
5213 791
791 1707
1707 5848
5848 5620
5620 2622
2622 1713
1713 6358
6358 8015
8015 1422
1422 6196
6196 2436
2436 2285
2285 5832
5832 4260
4260 1696
1696 4913
4913 8055
8055 4822
4822 320
320 2627
2627 2138
2138 1528
1528 7015
7015 6523
6523 5658
5658 5852
5852 5960
5960 6949
6949 913
913 3886
3886 2670
2670 5793
5793 945
945 6606
6606 4522
4522 7584
7584 5742
5742 4801
4801 6726
6726 6531
6531 6338
6338 6315
6315 4360
4360 2005
2005 6605
6605 4437
4437 359
359 5942
5942 5419
5419 1919
1919 7486
7486 5603
5603 1177
1177 1753
1753 1567
1567 2139
2139 1613
1613 6049
6049 6323
6323 5040
5040 2468
2468 5005
5005 7684
7684 6051
6051 6493
6493 3108
3108 2068
2068 3769
3769 916
916 4141
4141 7963
7963 5193
5193 7282
7282 4645
4645 1657
1657 1598
1598 4774
4774 4431
4431 8040
8040 3547
3547 6619
6619 5627
5627 3217
3217 3142
3142 4958
4958 3689
3689 2307
2307 7702
7702 7581
7581 5487
5487 7699
7699 7326
7326 194
194 108
108 989
989 2155
2155 2973
2973 6975
6975 3123
3123 3343
3343 5661
5661 6107
6107 3062
3062 6349
6349 7250
7250 1925
1925 7996
7996 7998
7998 8168
8168 6236
6236 5836
5836 4600
4600 6023
6023 4113
4113 5583
5583 7668
7668 4691
4691 5567
5567 6308
6308 3765
3765 576
576 8005
8005 572
572 7665
7665 4436
4436 274
274 6908
6908 5619
5619 2537
2537 2679
2679 6558
6558 442
442 4806
4806 7151
7151 1701
1701 5338
5338 3225
3225 3822
3822 5421
5421 2089
2089 5554
5554 5203
5203 8132
8132 3176
3176 7848
7848 3609
3609 3698
3698 3072
3072 7199
7199 5781
5781 8116
8116 1816
1816 6922
6922 6809
6809 5395
5395 8070
8070 6097
6097 2212
2212 7818
7818 1059
1059 8105
8105 881
881 1166
1166 818
818 4002
4002 4339
4339 220
220 2318
2318 446
446 5146
5146 3287
3287 901
901 2866
2866 6071
6071 2
2 170
170 6259
6259 7791
7791 6955
6955 1423
1423 6281
6281 1470
1470 2085
2085 5214
5214 876
876 741
741 5648
5648 5002
5002 7429
7429 758
758 7093
7093 4962
4962 4029
4029 6634
6634 6902
6902 5109
5109 142
142 3879
3879 2075
2075 4364
4364 2345
2345 2741
2741 3637
3637 6078
6078 597
597 1599
1599 4859
4859 3465
3465 7840
7840 2929
2929 3235
3235 4672
4672 3952
3952 89
89 7565
7565 4127
4127 6773
6773 2335
2335 1891
1891 5106
5106 8078
8078 6777
6777 2675
2675 6218
6218 4306
4306 5606
5606 1432
1432 7046
7046 967
967 285
285 7843
7843 3184
3184 337
337 4072
4072 2098
2098 6319
6319 4700
4700 6332
6332 5805
5805 1965
1965 3205
3205 2122
2122 168
168 6089
6089 1532
1532 7355
7355 2659
2659 4858
4858 3380
3380 615
615 3129
3129 3853
3853 8056
8056 4907
4907 7545
7545 2427
2427 1520
1520 6335
6335 6060
6060 7258
7258 2605
2605 268
268 6398
6398 3224
3224 3737
3737 6387
6387 2289
2289 6172
6172 396
396 896
896 2441
2441 2710
2710 1002
1002 3260
3260 6797
6797 4375
4375 3280
3280 306
306 1437
1437 7471
7471 4328
4328 7476
7476 4753
4753 2646
2646 3753
3753 7747
7747 3215
3215 2972
2972 6890
6890 4089
4089 3543
3543 6279
6279 1300
1300 4017
4017 5614
5614 2112
2112 7509
7509 7558
7558 3532
3532 5344
5344 3735
3735 6217
6217 4221
4221 6572
6572 1632
1632 7664
7664 4351
4351 1240
1240 7108
7108 6237
6237 5921
5921 3634
3634 5823
5823 3495
3495 2199
2199 6713
6713 5426
5426 2514
2514 724
724 4203
4203 5042
5042 2638
2638 3073
3073 7284
7284 4815
4815 7916
7916 1198
1198 3538
3538 5854
5854 6130
6130 5017
5017 513
513 2650
2650 4093
4093 3883
3883 2415
2415 500
500 1545
1545 269
269 6483
6483 2258
2258 3537
3537 5769
5769 7096
7096 5217
5217 1131
1131 6034
6034 5048
5048 3148
3148 5468
5468 6084
6084 1107
1107 3994
3994 3659
3659 7948
7948 3918
3918 5390
5390 7645
7645 2736
2736 3212
3212 2717
2717 1597
1597 4689
4689 5397
5397 49
49 4165
4165 1812
1812 6582
6582 2482
2482 6195
6195 2351
2351 3251
3251 6032
6032 4878
4878 5080
5080 5868
5868 7320
7320 7875
7875 5904
5904 2189
2189 5863
5863 6895
6895 4514
4514 6904
6904 5279
5279 6401
6401 3479
3479 839
839 5787
5787 435
435 4211
4211 5722
5722 3101
3101 1473
1473 2340
2340 2316
2316 276
276 7078
7078 3687
3687 2137
2137 1443
1443 7981
7981 6723
6723 6276
6276 1045
1045 6915
6915 6214
6214 3966
3966 1279
1279 2232
2232 1327
1327 6312
6312 4105
4105 4903
4903 7205
7205 6291
6291 2320
2320 616
616 3214
3214 2887
2887 7856
7856 4289
4289 4161
4161 1472
1472 2255
2255 3282
3282 476
476 7696
7696 7071
7071 3092
3092 708
708 2843
2843 4116
4116 5838
5838 4770
4770 4091
4091 3713
3713 4347
4347 900
900 2781
2781 7037
7037 202
202 788
788 1452
1452 555
555 6220
6220 4476
4476 3674
3674 1032
1032 5810
5810 2390
2390 6566
6566 1122
1122 5269
5269 5551
5551 4948
4948 2839
2839 3776
3776 1511
1511 5570
5570 6563
6563 867
867 8167
8167 6151
6151 6802
6802 4800
4800 6641
6641 7497
7497 6538
6538 6933
6933 7744
7744 2960
2960 5870
5870 7490
7490 5943
5943 5504
5504 953
953 7286
7286 4985
4985 5984
5984 798
798 2302
2302 7277
7277 4220
4220 6487
6487 2598
2598 7864
7864 4969
4969 4624
4624 8063
8063 5502
5502 783
783 1027
1027 5385
5385 7220
7220 7566
7566 4212
4212 5807
5807 2135
2135 1273
1273 1722
1722 7123
7123 7512
7512 7813
7813 634
634 4744
4744 1881
1881 4256
4256 1356
1356 586
586 664
664 7294
7294 5665
5665 6447
6447 7389
7389 5549
5549 4778
4778 4771
4771 4176
4176 2747
2747 4147
4147 282
282 7588
7588 6082
6082 937
937 5926
5926 4059
4059 993
993 2495
2495 7300
7300 6175
6175 651
651 6189
6189 1841
1841 856
856 7232
7232 395
395 811
811 3407
3407 2910
2910 1620
1620 6644
6644 7752
7752 3640
3640 6333
6333 5890
5890 999
999 3005
3005 1504
1504 4975
4975 5134
5134 2267
2267 4302
4302 5266
5266 5296
5296 7846
7846 3439
3439 5630
5630 3472
3472 244
244 4358
4358 1835
1835 346
346 4837
4837 1595
1595 4519
4519 7329
7329 449
449 5401
5401 389
389 301
301 1012
1012 4110
4110 5328
5328 2375
2375 5291
5291 7421
7421 78
78 6630
6630 6562
6562 782
782 942
942 6351
6351 7420
7420 8184
8184 7596
7596 6762
6762 1400
1400 4326
4326 7306
7306 6685
6685 3046
3046 4989
4989 6324
6324 5125
5125 1502
1502 4805
4805 7066
7066 2667
2667 5538
5538 3843
3843 7206
7206 6376
6376 1354
1354 416
416 2596
2596 7694
7694 6901
6901 5024
5024 1108
1108 4079
4079 2693
2693 7748
7748 3300
3300 2006
2006 6690
6690 3471
3471 159
159 5324
5324 2035
2035 964
964 30
30 2550
2550 3784
3784 2191
2191 6033
6033 4963
4963 4114
4114 5668
5668 6702
6702 4491
4491 4949
4949 2924
2924 2810
2810 1311
1311 4952
4952 3179
3179 8103
8103 711
711 3098
3098 1218
1218 5238
5238 2916
2916 2130
2130 848
848 6552
6552 8123
8123 2411
2411 160
160 5409
5409 1069
1069 764
764 7603
7603 7357
7357 2829
2829 2926
2926 2980
2980 7570
7570 4552
4552 1943
1943 1335
1335 6992
6992 4568
4568 3303
3303 2261
2261 3792
3792 2871
2871 6496
6496 3363
3363 7361
7361 3169
3169 7253
7253 2180
2180 5098
5098 7398
7398 6314
6314 4275
4275 2971
2971 6805
6805 5055
5055 3743
3743 6897
6897 4684
4684 4972
4972 4879
4879 5165
5165 4902
4902 7120
7120 7257
7257 2520
2520 1234
1234 6598
6598 3842
3842 7121
7121 7342
7342 1554
1554 1034
1034 5980
5980 458
458 6166
6166 8077
8077 6692
6692 3641
3641 6418
6418 4924
4924 799
799 2387
2387 6311
6311 4020
4020 5869
5869 7405
7405 6909
6909 5704
5704 1571
1571 2479
2479 5940
5940 5249
5249 3851
3851 7886
7886 6839
6839 7945
7945 3663
3663 97
97 54
54 4590
4590 5173
5173 5582
5582 7583
7583 5657
5657 5767
5767 6926
6926 7149
7149 1531
1531 7270
7270 3625
3625 5058
5058 3998
3998 3999
3999 4084
4084 3118
3118 2918
2918 2300
2300 7107
7107 6152
6152 6887
6887 3834
3834 6441
6441 6879
6879 3154
3154 5978
5978 288
288 8098
8098 286
286 7928
7928 2218
2218 137
137 3454
3454 6905
