3 51
51 867
867 14739
14739 119492
119492 65299
65299 61515
61515 128258
128258 83250
83250 104540
104540 73257
73257 65730
65730 68842
68842 121746
121746 103617
103617 57566
57566 61125
61125 121628
121628 101611
101611 23464
23464 5675
5675 96475
96475 67223
67223 94223
94223 28939
28939 98750
98750 105898
105898 96343
96343 64979
64979 56075
56075 35778
35778 83942
83942 116304
116304 11103
11103 57680
57680 63063
63063 23503
23503 6338
6338 107746
107746 127759
127759 74767
74767 91400
91400 112019
112019 69329
69329 130025
130025 113289
113289 90919
90919 103842
103842 61391
61391 126150
126150 47414
47414 19612
19612 71262
71262 31815
31815 16571
16571 19565
19565 70463
70463 18232
18232 47802
47802 26208
26208 52323
52323 103065
103065 48182
48182 32668
32668 31072
31072 3940
3940 66980
66980 90092
90092 89783
89783 84530
84530 126300
126300 49964
49964 62962
62962 21786
21786 108220
108220 4746
4746 80682
80682 60884
60884 117531
117531 31962
31962 19070
19070 62048
62048 6248
6248 106216
106216 101749
101749 25810
25810 45557
45557 119114
119114 58873
58873 83344
83344 106138
106138 100423
100423 3268
3268 55556
55556 26955
26955 65022
65022 56806
56806 48205
48205 33059
33059 37719
37719 116939
116939 21898
21898 110124
110124 37114
37114 106654
106654 109195
109195 21321
21321 100315
100315 1432
1432 24344
24344 20635
20635 88653
88653 65320
65320 61872
61872 3256
3256 55352
55352 23487
23487 6066
6066 103122
103122 49151
49151 49141
49141 48971
48971 46081
46081 128022
128022 79238
79238 36336
36336 93428
93428 15424
15424 66
66 1122
1122 19074
19074 62116
62116 7404
7404 125868
125868 42620
42620 69185
69185 127577
127577 71673
71673 38802
38802 4279
4279 72743
72743 56992
56992 51367
51367 86813
86813 34040
34040 54396
54396 7235
7235 122995
122995 124850
124850 25314
25314 37125
37125 106841
106841 112374
112374 75364
75364 101549
101549 22410
22410 118828
118828 54011
54011 690
690 11730
11730 68339
68339 113195
113195 89321
89321 76676
76676 123853
123853 8365
8365 11134
11134 58207
58207 72022
72022 44735
44735 105140
105140 83457
83457 108059
108059 2009
2009 34153
34153 56317
56317 39892
39892 22809
22809 125611
125611 38251
38251 125983
125983 44575
44575 102420
102420 37217
37217 108405
108405 7891
7891 3076
3076 52292
52292 102538
102538 39223
39223 11436
11436 63341
63341 28229
28229 86680
86680 31779
31779 15959
15959 9161
9161 24666
24666 26109
26109 50640
50640 74454
74454 86079
86079 21562
21562 104412
104412 71081
71081 28738
28738 95333
95333 47809
47809 26327
26327 54346
54346 6385
6385 108545
108545 10271
10271 43536
43536 84757
84757 130159
130159 115567
115567 129645
129645 106829
106829 112170
112170 71896
71896 42593
42593 68726
68726 119774
119774 70093
70093 11942
11942 71943
71943 43392
43392 82309
82309 88543
88543 63450
63450 30082
30082 118181
118181 43012
43012 75849
75849 109794
109794 31504
31504 11284
11284 60757
60757 115372
115372 126330
126330 50474
50474 71632
71632 38105
38105 123501
123501 2381
2381 40477
40477 32754
32754 32534
32534 28794
28794 96285
96285 63993
63993 39313
39313 12966
12966 89351
89351 77186
77186 1452
1452 24684
24684 26415
26415 55842
55842 31817
31817 16605
16605 20143
20143 80289
80289 54203
54203 3954
3954 67218
67218 94138
94138 27494
27494 74185
74185 81506
81506 74892
74892 93525
93525 17073
17073 28099
28099 84470
84470 125280
125280 32624
32624 30324
30324 122295
122295 112950
112950 85156
85156 5871
5871 99807
99807 123867
123867 8603
8603 15180
15180 126989
126989 61677
61677 131012
131012 130068
130068 114020
114020 103346
103346 52959
52959 113877
113877 100915
100915 11632
11632 66673
66673 84873
84873 1060
1060 18020
18020 44198
44198 96011
96011 59335
59335 91198
91198 108585
108585 10951
10951 55096
55096 19135
19135 63153
63153 25033
25033 32348
32348 25632
25632 42531
42531 67672
67672 101856
101856 27629
27629 76480
76480 120521
120521 82792
82792 96754
96754 71966
71966 43783
43783 88956
88956 70471
70471 18368
18368 50114
50114 65512
65512 65136
65136 58744
58744 81151
81151 68857
68857 122001
122001 107952
107952 190
190 3230
3230 54910
54910 15973
15973 9399
9399 28712
28712 94891
94891 40295
40295 29660
29660 111007
111007 52125
52125 99699
99699 122031
122031 108462
108462 8860
8860 19549
19549 70191
70191 13608
13608 100265
100265 582
582 9894
9894 37127
37127 106875
106875 112952
112952 85190
85190 6449
6449 109633
109633 28767
28767 95826
95826 56190
56190 37733
37733 117177
117177 25944
25944 47835
47835 26769
26769 61860
61860 3052
3052 51884
51884 95602
95602 52382
52382 104068
104068 65233
65233 60393
60393 109184
109184 21134
21134 97136
97136 78460
78460 23110
23110 130728
130728 125240
125240 31944
31944 18764
18764 56846
56846 48885
48885 44619
44619 103168
103168 49933
49933 62435
62435 12827
12827 86988
86988 37015
37015 104971
104971 80584
80584 59218
59218 89209
89209 74772
74772 91485
91485 113464
113464 93894
93894 23346
23346 3669
3669 62373
62373 11773
11773 69070
69070 125622
125622 38438
38438 129162
129162 98618
98618 103654
103654 58195
58195 71818
71818 41267
41267 46184
46184 129773
129773 109005
109005 18091
18091 45405
45405 116530
116530 14945
14945 122994
122994 124833
124833 25025
25025 32212
32212 23320
23320 3227
3227 54859
54859 15106
15106 125731
125731 40291
40291 29592
29592 109851
109851 32473
32473 27757
27757 78656
78656 26442
26442 56301
56301 39620
39620 18185
18185 47003
47003 12625
12625 83554
83554 109708
109708 30042
30042 117501
117501 31452
31452 10400
10400 45729
45729 122038
122038 108581
108581 10883
10883 53940
53940 130554
130554 122282
122282 112729
112729 81399
81399 73073
73073 62602
62602 15666
15666 4180
4180 71060
71060 28381
28381 89264
89264 75707
75707 107380
107380 121537
121537 100064
100064 128236
128236 82876
82876 98182
98182 96242
96242 63262
63262 26886
26886 63849
63849 36865
36865 102421
102421 37234
37234 108694
108694 12804
12804 86597
86597 30368
30368 123043
123043 125666
125666 39186
39186 10807
10807 52648
52648 108590
108590 11036
11036 56541
56541 43700
43700 87545
87545 46484
46484 3802
3802 64634
64634 50210
50210 67144
67144 92880
92880 6108
6108 103836
103836 61289
61289 124416
124416 17936
17936 42770
42770 71735
71735 39856
39856 22197
22197 115207
115207 123525
123525 2789
2789 47413
47413 19595
19595 70973
70973 26902
26902 64121
64121 41489
41489 49958
49958 62860
62860 20052
20052 78742
78742 27904
27904 81155
81155 68925
68925 123157
123157 127604
127604 72132
72132 46605
46605 5859
5859 99603
99603 120399
120399 80718
80718 61496
61496 127935
127935 77759
77759 11193
11193 59210
59210 89073
89073 72460
72460 52181
52181 100651
100651 7144
7144 121448
121448 98551
98551 102515
102515 38832
38832 4789
4789 81413
81413 73311
73311 66648
66648 84448
84448 124906
124906 26266
26266 53309
53309 119827
119827 70994
70994 27259
27259 70190
70190 13591
13591 99976
99976 126740
126740 57444
57444 59051
59051 86370
86370 26509
26509 57440
57440 58983
58983 85214
85214 6857
6857 116569
116569 15608
15608 3194
3194 54298
54298 5569
5569 94673
94673 36589
36589 97729
97729 88541
88541 63416
63416 29504
29504 108355
108355 7041
7041 119697
119697 68784
68784 120760
120760 86855
86855 34754
34754 66534
66534 82510
82510 91960
91960 121539
121539 100098
100098 128814
128814 92702
92702 3082
3082 52394
52394 104272
104272 68701
68701 119349
119349 62868
62868 20188
20188 81054
81054 67208
67208 93968
93968 24604
24604 25055
25055 32722
32722 31990
31990 19546
19546 70140
70140 12741
12741 85526
85526 12161
12161 75666
75666 106683
106683 109688
109688 29702
29702 111721
111721 64263
64263 43903
43903 90996
90996 105151
105151 83644
83644 111238
111238 56052
56052 35387
35387 77295
77295 3305
3305 56185
56185 37648
37648 115732
115732 1379
1379 23443
23443 5318
5318 90406
90406 95121
95121 44205
44205 96130
96130 61358
61358 125589
125589 37877
37877 119625
119625 67560
67560 99952
99952 126332
126332 50508
50508 72210
72210 47931
47931 28401
28401 89604
89604 81487
81487 74569
74569 88034
88034 54797
54797 14052
14052 107813
107813 128898
128898 94130
94130 27358
27358 71873
71873 42202
42202 62079
62079 6775
6775 115175
115175 122981
122981 124612
124612 21268
21268 99414
99414 117186
117186 26097
26097 50436
50436 70986
70986 27123
27123 67878
67878 105358
105358 87163
87163 39990
39990 24475
24475 22862
22862 126512
126512 53568
53568 124230
124230 14774
14774 120087
120087 75414
75414 102399
102399 36860
36860 102336
102336 35789
35789 84129
84129 119483
119483 65146
65146 58914
58914 84041
84041 117987
117987 39714
39714 19783
19783 74169
74169 81234
81234 70268
70268 14917
14917 122518
122518 116741
116741 18532
18532 52902
52902 112908
112908 84442
84442 124804
124804 24532
24532 23831
23831 11914
11914 71467
71467 35300
35300 75816
75816 109233
109233 21967
21967 111297
111297 57055
57055 52438
52438 105020
105020 81417
81417 73379
73379 67804
67804 104100
104100 65777
65777 69641
69641 4258
4258 72386
72386 50923
50923 79265
79265 36795
36795 101231
101231 17004
17004 26926
26926 64529
64529 48425
48425 36799
36799 101299
101299 18160
18160 46578
46578 5400
5400 91800
91800 118819
118819 53858
53858 129160
129160 98584
98584 103076
103076 48369
48369 35847
35847 85115
85115 5174
5174 87958
87958 53505
53505 123159
123159 127638
127638 72710
72710 56431
56431 41830
41830 55755
55755 30338
30338 122533
122533 116996
116996 22867
22867 126597
126597 55013
55013 17724
17724 39166
39166 10467
10467 46868
46868 10330
10330 44539
44539 101808
101808 26813
26813 62608
62608 15768
15768 5914
5914 100538
100538 5223
5223 88791
88791 67666
67666 101754
101754 25895
25895 47002
47002 12608
12608 83265
83265 104795
104795 77592
77592 8354
8354 10947
10947 55028
55028 17979
17979 43501
43501 84162
84162 120044
120044 74683
74683 89972
89972 87743
87743 49850
49850 61024
61024 119911
119911 72422
72422 51535
51535 89669
89669 82592
82592 93354
93354 14166
14166 109751
109751 30773
30773 129928
129928 111640
111640 62886
62886 20494
20494 86256
86256 24571
24571 24494
24494 23185
23185 932
932 15844
15844 7206
7206 122502
122502 116469
116469 13908
13908 105365
105365 87282
87282 42013
42013 58866
58866 83225
83225 104115
104115 66032
66032 73976
73976 77953
77953 14491
14491 115276
115276 124698
124698 22730
22730 124268
124268 15420
15420 131069
131069 131037
131037 130493
130493 121245
121245 95100
95100 43848
43848 90061
90061 89256
89256 75571
75571 105068
105068 82233
82233 87251
87251 41486
41486 49907
49907 61993
61993 5313
5313 90321
90321 93676
93676 19640
19640 71738
71738 39907
39907 23064
23064 129946
129946 111946
111946 68088
68088 108928
108928 16782
16782 23152
23152 371
371 6307
6307 107219
107219 118800
118800 53535
53535 123669
123669 5237
5237 89029
89029 71712
71712 39465
39465 15550
15550 2208
2208 37536
37536 113828
113828 100082
100082 128542
128542 88078
88078 55545
55545 26768
26768 61843
61843 2763
2763 46971
46971 12081
12081 74306
74306 83563
83563 109861
109861 32643
32643 30647
30647 127786
127786 75226
75226 99203
99203 113599
113599 96189
96189 62361
62361 11569
11569 65602
65602 66666
66666 84754
84754 130108
130108 114700
114700 114906
114906 118408
118408 46871
46871 10381
10381 45406
45406 116547
116547 15234
15234 127907
127907 77283
77283 3101
3101 52717
52717 109763
109763 30977
30977 2325
2325 39525
39525 16570
16570 19548
19548 70174
70174 13319
13319 95352
95352 48132
48132 31818
31818 16622
16622 20432
20432 85202
85202 6653
6653 113101
113101 87723
87723 49510
49510 55244
55244 21651
21651 105925
105925 96802
96802 72782
72782 57655
57655 62638
62638 16278
16278 14584
14584 116857
116857 20504
20504 86426
86426 27461
27461 73624
73624 71969
71969 43834
43834 89823
89823 85210
85210 6789
6789 115413
115413 127027
127027 62323
62323 10923
10923 54620
54620 11043
11043 56660
56660 45723
45723 121936
121936 106847
106847 112476
112476 77098
77098 131027
131027 130323
130323 118355
118355 45970
45970 126135
126135 47159
47159 15277
15277 128638
128638 89710
89710 83289
83289 105203
105203 84528
84528 126266
126266 49386
49386 53136
53136 116886
116886 20997
20997 94807
94807 38867
38867 5384
5384 91528
91528 114195
114195 106321
106321 103534
103534 56155
56155 37138
37138 107062
107062 116131
116131 8162
8162 7683
7683 130611
130611 123251
123251 129202
129202 99298
99298 115214
115214 123644
123644 4812
4812 81804
81804 79958
79958 48576
48576 39366
39366 13867
13867 104668
104668 75433
75433 102722
102722 42351
42351 64612
64612 49836
49836 60786
60786 115865
115865 3640
3640 61880
61880 3392
3392 57664
57664 62791
62791 18879
18879 58801
58801 82120
82120 85330
85330 8829
8829 19022
19022 61232
61232 123447
123447 1463
1463 24871
24871 29594
29594 109885
109885 33051
33051 37583
37583 114627
114627 113665
113665 97311
97311 81435
81435 73685
73685 73006
73006 61463
61463 127374
127374 68222
68222 111206
111206 55508
55508 26139
26139 51150
51150 83124
83124 102398
102398 36843
36843 102047
102047 30876
30876 608
608 10336
10336 44641
44641 103542
103542 56291
56291 39450
39450 15295
15295 128944
128944 94912
94912 40652
40652 35729
35729 83109
83109 102143
102143 32508
32508 28352
28352 88771
88771 67326
67326 95974
95974 58706
58706 80505
80505 57875
57875 66378
66378 79858
79858 46876
46876 10466
10466 46851
46851 10041
10041 39626
39626 18287
18287 48737
48737 42103
42103 60396
60396 109235
109235 22001
22001 111875
111875 66881
66881 88409
88409 61172
61172 122427
122427 115194
115194 123304
123304 130103
130103 114615
114615 113461
113461 93843
93843 22479
22479 120001
120001 73952
73952 77545
77545 7555
7555 128435
128435 86259
86259 24622
24622 25361
25361 37924
37924 120424
120424 81143
81143 68721
68721 119689
119689 68648
68648 118448
118448 47551
47551 21941
21941 110855
110855 49541
49541 55771
55771 30610
30610 127157
127157 64533
64533 48493
48493 37955
37955 120951
120951 90102
90102 89953
89953 87420
87420 44359
44359 98748
98748 105864
105864 95765
95765 55153
55153 20104
20104 79626
79626 42932
42932 74489
74489 86674
86674 31677
31677 14225
14225 110754
110754 47824
47824 26582
26582 58681
58681 80080
80080 50650
50650 74624
74624 88969
88969 70692
70692 22125
22125 113983
113983 102717
102717 42266
42266 63167
63167 25271
25271 36394
36394 94414
94414 32186
32186 22878
22878 126784
126784 58192
58192 71767
71767 40400
40400 31445
31445 10281
10281 43706
43706 87647
87647 48218
48218 33280
33280 41476
41476 49737
49737 59103
59103 87254
87254 41537
41537 50774
50774 76732
76732 124805
124805 24549
24549 24120
24120 16827
16827 23917
23917 13376
13376 96321
96321 64605
64605 49717
49717 58763
58763 81474
81474 74348
74348 84277
84277 121999
121999 107918
107918 130683
130683 124475
124475 18939
18939 59821
59821 99460
99460 117968
117968 39391
39391 14292
14292 111893
111893 67187
67187 93611
93611 18535
18535 52953
52953 113775
113775 99181
99181 113225
113225 89831
89831 85346
85346 9101
9101 23646
23646 8769
8769 18002
18002 43892
43892 90809
90809 101972
101972 29601
29601 110004
110004 35074
35074 71974
71974 43919
43919 91268
91268 109775
109775 31181
31181 5793
5793 98481
98481 101325
101325 18602
18602 54092
54092 2067
2067 35139
35139 73079
73079 62704
62704 17400
17400 33658
33658 47902
47902 27908
27908 81223
81223 70081
70081 11738
11738 68475
68475 115507
115507 128625
128625 89489
89489 79532
79532 41334
41334 47323
47323 18065
18065 44963
44963 109016
109016 18278
18278 48584
48584 39502
39502 16179
16179 12901
12901 88246
88246 58401
58401 75320
75320 100801
100801 9694
9694 33727
33727 49075
49075 47849
47849 27007
27007 65906
65906 71834
71834 41539
41539 50808
50808 77310
77310 3560
3560 60520
60520 111343
111343 57837
57837 65732
65732 68876
68876 122324
122324 113443
113443 93537
93537 17277
17277 31567
31567 12355
12355 78964
78964 31678
31678 14242
14242 111043
111043 52737
52737 110103
110103 36757
36757 100585
100585 6022
6022 102374
102374 36435
36435 95111
95111 44035
44035 93240
93240 12228
12228 76805
76805 126046
126046 45646
45646 120627
120627 84594
84594 127388
127388 68460
68460 115252
115252 124290
124290 15794
15794 6356
6356 108052
108052 1890
1890 32130
32130 21926
21926 110600
110600 45206
45206 113147
113147 88505
88505 62804
62804 19100
19100 62558
62558 14918
14918 122535
122535 117030
117030 23445
23445 5352
5352 90984
90984 104947
104947 80176
80176 52282
52282 102368
102368 36333
36333 93377
93377 14557
14557 116398
116398 12701
12701 84846
84846 601
601 10217
10217 42618
42618 69151
69151 126999
126999 61847
61847 2831
2831 48127
48127 31733
31733 15177
15177 126938
126938 60810
60810 116273
116273 10576
10576 48721
48721 41831
41831 55772
55772 30627
30627 127446
127446 69446
69446 943
943 16031
16031 10385
10385 45474
45474 117703
117703 34886
34886 68778
68778 120658
120658 85121
85121 5276
5276 89692
89692 82983
82983 100001
100001 127165
127165 64669
64669 50805
50805 77259
77259 2693
2693 45781
45781 122922
122922 123609
123609 4217
4217 71689
71689 39074
39074 8903
8903 20280
20280 82618
82618 93796
93796 21680
21680 106418
106418 105183
105183 84188
84188 120486
120486 82197
82197 86639
86639 31082
31082 4110
4110 69870
69870 8151
8151 7496
7496 127432
127432 69208
69208 127968
127968 78320
78320 20730
20730 90268
90268 92775
92775 4323
4323 73491
73491 69708
69708 5397
5397 91749
91749 117952
117952 39119
39119 9668
9668 33285
33285 41561
41561 51182
51182 83668
83668 111646
111646 62988
62988 22228
22228 115734
115734 1413
1413 24021
24021 15144
15144 126377
126377 51273
51273 85215
85215 6874
6874 116858
116858 20521
20521 86715
86715 32374
32374 26074
26074 50045
50045 64339
64339 45195
45195 112960
112960 85326
85326 8761
8761 17866
17866 41580
41580 51505
51505 89159
89159 73922
73922 77035
77035 129956
129956 112116
112116 70978
70978 26987
26987 65566
65566 66054
66054 74350
74350 84311
84311 122577
122577 117744
117744 35583
35583 80627
80627 59949
59949 101636
101636 23889
23889 12900
12900 88229
88229 58112
58112 70407
70407 17280
17280 31618
31618 13222
13222 93703
93703 20099
20099 79541
79541 41487
41487 49924
49924 62282
62282 10226
10226 42771
42771 71752
71752 40145
40145 27110
27110 67657
67657 101601
101601 23294
23294 2785
2785 47345
47345 18439
18439 51321
51321 86031
86031 20746
20746 90540
90540 97399
97399 82931
82931 99117
99117 112137
112137 71335
71335 33056
33056 37668
37668 116072
116072 7159
7159 121703
121703 102886
102886 45139
45139 112008
112008 69142
69142 126846
126846 59246
59246 89685
89685 82864
82864 97978
97978 92774
92774 4306
4306 73202
73202 64795
64795 52947
52947 113673
113673 97447
97447 83747
83747 112989
112989 85819
85819 17142
17142 29272
29272 104411
104411 71064
71064 28449
28449 90420
90420 95359
95359 48251
48251 33841
33841 51013
51013 80795
80795 62805
62805 19117
19117 62847
62847 19831
19831 74985
74985 95106
95106 43950
43950 91795
91795 118734
118734 52413
52413 104595
104595 74192
74192 81625
81625 76915
76915 127916
127916 77436
77436 5702
5702 96934
96934 75026
75026 95803
95803 55799
55799 31086
31086 4178
4178 71026
71026 27803
27803 79438
79438 39736
39736 20157
20157 80527
80527 58249
58249 72736
72736 56873
56873 49344
49344 52422
52422 104748
104748 76793
76793 125842
125842 42178
42178 61671
61671 130910
130910 128334
128334 84542
84542 126504
126504 53432
53432 121918
121918 106541
106541 107274
107274 119735
119735 69430
69430 671
671 11407
11407 62848
62848 19848
19848 75274
75274 100019
100019 127471
127471 69871
69871 8168
8168 7785
7785 1274
1274 21658
21658 106044
106044 98825
98825 107173
107173 118018
118018 40241
40241 28742
28742 95401
95401 48965
48965 45979
45979 126288
126288 49760
49760 59494
59494 93901
93901 23465
23465 5692
5692 96764
96764 72136
72136 46673
46673 7015
7015 119255
119255 61270
61270 124093
124093 12445
12445 80494
80494 57688
57688 63199
63199 25815
25815 45642
45642 120559
120559 83438
83438 107736
107736 127589
127589 71877
71877 42270
42270 63235
63235 26427
26427 56046
56046 35285
35285 75561
75561 104898
104898 79343
79343 38121
38121 123773
123773 7005
7005 119085
119085 58380
58380 74963
74963 94732
94732 37592
37592 114780
114780 116266
116266 10457
10457 46698
46698 7440
7440 126480
126480 53024
53024 114982
114982 119700
119700 68835
68835 121627
121627 101594
101594 23175
23175 762
762 12954
12954 89147
89147 73718
73718 73567
73567 71000
71000 27361
27361 71924
71924 43069
43069 76818
76818 126267
126267 49403
49403 53425
53425 121799
121799 104518
104518 72883
72883 59372
59372 91827
91827 119278
119278 61661
61661 130740
130740 125444
125444 35412
35412 77720
77720 10530
10530 47939
47939 28537
28537 91916
91916 120791
120791 87382
87382 43713
43713 87766
87766 50241
50241 67671
67671 101839
101839 27340
27340 71567
71567 37000
37000 104716
104716 76249
76249 116594
116594 16033
16033 10419
10419 46052
46052 127529
127529 70857
70857 24930
24930 30597
30597 126936
126936 60776
60776 115695
115695 750
750 12750
12750 85679
85679 14762
14762 119883
119883 71946
71946 43443
43443 83176
83176 103282
103282 51871
51871 95381
95381 48625
48625 40199
40199 28028
28028 83263
83263 104761
104761 77014
77014 129599
129599 106047
106047 98876
98876 108040
108040 1686
1686 28662
28662 94041
94041 25845
25845 46152
46152 129229
129229 99757
99757 123017
123017 125224
125224 31672
31672 14140
14140 109309
109309 23259
23259 2190
2190 37230
37230 108626
108626 11648
11648 66945
66945 89497
89497 79668
79668 43646
43646 86627
86627 30878
30878 642
642 10914
10914 54467
54467 8442
8442 12443
12443 80460
80460 57110
57110 53373
53373 120915
120915 89490
89490 79549
79549 41623
41623 52236
52236 101586
101586 23039
23039 129521
129521 104721
104721 76334
76334 118039
118039 40598
40598 34811
34811 67503
67503 98983
98983 109859
109859 32609
32609 30069
30069 117960
117960 39255
39255 11980
11980 72589
72589 54374
54374 6861
6861 116637
116637 16764
16764 22846
22846 126240
126240 48944
48944 45622
45622 120219
120219 77658
77658 9476
9476 30021
30021 117144
117144 25383
25383 38298
38298 126782
126782 58158
58158 71189
71189 30574
30574 126545
126545 54129
54129 2696
2696 45832
45832 123789
123789 7277
7277 123709
123709 5917
5917 100589
100589 6090
6090 103530
103530 56087
56087 35982
35982 87410
87410 44189
44189 95858
95858 56734
56734 46981
46981 12251
12251 77196
77196 1622
1622 27574
27574 75545
75545 104626
104626 74719
74719 90584
90584 98147
98147 95647
95647 53147
53147 117073
117073 24176
24176 17779
17779 40101
40101 26362
26362 54941
54941 16500
16500 18358
18358 49944
49944 62622
62622 16006
16006 9960
9960 38249
38249 125949
125949 43997
43997 92594
92594 1246
1246 21182
21182 97952
97952 92332
92332 127863
127863 76535
76535 121456
121456 98687
98687 104827
104827 78136
78136 17602
17602 37092
37092 106280
106280 102837
102837 44306
44306 97847
97847 90547
90547 97518
97518 84954
84954 2437
2437 41429
41429 48938
48938 45520
45520 118485
118485 48180
48180 32634
32634 30494
30494 125185
125185 31009
31009 2869
2869 48773
48773 42715
42715 70800
70800 23961
23961 14124
14124 109037
109037 18635
18635 54653
54653 11604
11604 66197
66197 76781
76781 125638
125638 38710
38710 2715
2715 46155
46155 129280
129280 100624
100624 6685
6685 113645
113645 96971
96971 75655
75655 106496
106496 106509
106509 106730
106730 110487
110487 43285
43285 80490
80490 57620
57620 62043
62043 6163
6163 104771
104771 77184
77184 1418
1418 24106
24106 16589
16589 19871
19871 75665
75665 106666
106666 109399
109399 24789
24789 28200
28200 86187
86187 23398
23398 4553
4553 77401
77401 5107
5107 86819
86819 34142
34142 56130
56130 36713
36713 99837
99837 124377
124377 17273
17273 31499
31499 11199
11199 59312
59312 90807
90807 101938
101938 29023
29023 100178
100178 130174
130174 115822
115822 2909
2909 49453
49453 54275
54275 5178
5178 88026
88026 54661
54661 11740
11740 68509
68509 116085
116085 7380
7380 125460
125460 35684
35684 82344
82344 89138
89138 73565
73565 70966
70966 26783
26783 62098
62098 7098
7098 120666
120666 85257
85257 7588
7588 128996
128996 95796
95796 55680
55680 29063
29063 100858
100858 10663
10663 50200
50200 66974
66974 89990
89990 88049
88049 55052
55052 18387
18387 50437
50437 71003
71003 27412
27412 72791
72791 57808
57808 65239
65239 60495
60495 110918
110918 50612
50612 73978
73978 77987
77987 15069
15069 125102
125102 29598
29598 109953
109953 34207
34207 57235
57235 55498
55498 25969
25969 48260
48260 33994
33994 53614
53614 125012
125012 28068
28068 83943
83943 116321
116321 11392
11392 62593
62593 15513
15513 1579
1579 26843
26843 63118
63118 24438
24438 22233
22233 115819
115819 2858
2858 48586
48586 39536
39536 16757
16757 22727
22727 124217
124217 14553
14553 116330
116330 11545
11545 65194
65194 59730
59730 97913
97913 91669
91669 116592
116592 15999
15999 9841
9841 36226
36226 91558
91558 114705
114705 114991
114991 119853
119853 71436
71436 34773
34773 66857
66857 88001
88001 54236
54236 4515
4515 76755
76755 125196
125196 31196
31196 6048
6048 102816
102816 43949
43949 91778
91778 118445
118445 47500
47500 21074
21074 96116
96116 61120
61120 121543
121543 100166
100166 129970
129970 112354
112354 75024
75024 95769
95769 55221
55221 21260
21260 99278
99278 114874
114874 117864
117864 37623
37623 115307
115307 125225
125225 31689
31689 14429
14429 114222
114222 106780
106780 111337
111337 57735
57735 63998
63998 39398
39398 14411
14411 113916
113916 101578
101578 22903
22903 127209
127209 65417
65417 63521
63521 31289
31289 7629
7629 129693
129693 107645
107645 126042
126042 45578
45578 119471
119471 64942
64942 55446
55446 25085
25085 33232
33232 40660
40660 35865
35865 85421
85421 10376
10376 45321
45321 115102
115102 121740
121740 103515
103515 55832
55832 31647
31647 13715
13715 102084
102084 31505
31505 11301
11301 61046
61046 120285
120285 78780
78780 28550
28550 92137
92137 124548
124548 20180
20180 80918
80918 64896
64896 54664
54664 11791
11791 69376
69376 130824
130824 126872
126872 59688
59688 97199
97199 79531
79531 41317
41317 47034
47034 13152
13152 92513
92513 130940
130940 128844
128844 93212
93212 11752
11752 68713
68713 119553
119553 66336
66336 79144
79144 34738
34738 66262
66262 77886
77886 13352
13352 95913
95913 57669
57669 62876
62876 20324
20324 83366
83366 106512
106512 106781
106781 111354
111354 58024
58024 68911
68911 122919
122919 123558
123558 3350
3350 56950
56950 50653
50653 74675
74675 89836
89836 85431
85431 10546
10546 48211
48211 33161
33161 39453
39453 15346
15346 129811
129811 109651
109651 29073
29073 101028
101028 13553
13553 99330
99330 115758
115758 1821
1821 30957
30957 1985
1985 33745
33745 49381
49381 53051
53051 115441
115441 127503
127503 70415
70415 17416
17416 33930
33930 52526
52526 106516
106516 106849
106849 112510
112510 77676
77676 9782
9782 35223
35223 74507
74507 86980
86980 36879
36879 102659
102659 41280
41280 46405
46405 2459
2459 41803
41803 55296
55296 22535
22535 120953
120953 90136
90136 90531
90531 97246
97246 80330
80330 54900
54900 15803
15803 6509
6509 110653
110653 46107
46107 128464
128464 86752
86752 33003
33003 36767
36767 100755
100755 8912
8912 20433
20433 85219
85219 6942
6942 118014
118014 40173
40173 27586
27586 75749
75749 108094
108094 2604
2604 44268
44268 97201
97201 79565
79565 41895
41895 56860
56860 49123
49123 48665
48665 40879
40879 39588
39588 17641
17641 37755
37755 117551
117551 32302
32302 24850
24850 29237
29237 103816
103816 60949
60949 118636
118636 50747
50747 76273
76273 117002
117002 22969
22969 128331
128331 84491
84491 125637
125637 38693
38693 2426
2426 41242
41242 45759
45759 122548
122548 117251
117251 27202
27202 69221
69221 128189
128189 82077
82077 84599
84599 127473
127473 69905
69905 8746
8746 17611
17611 37245
37245 108881
108881 15983
15983 9569
9569 31602
31602 12950
12950 89079
89079 72562
72562 53915
53915 130129
130129 115057
115057 120975
120975 90510
90510 96889
96889 74261
74261 82798
82798 96856
96856 73700
73700 73261
73261 65798
65798 69998
69998 10327
10327 44488
44488 100941
100941 12074
12074 74187
74187 81540
81540 75470
75470 103351
103351 53044
53044 115322
115322 125480
125480 36024
36024 88124
88124 56327
56327 40062
40062 25699
25699 43670
43670 87035
87035 37814
37814 118554
118554 49353
49353 52575
52575 107349
107349 121010
121010 91105
91105 107004
107004 115145
115145 122471
122471 115942
115942 4949
4949 84133
84133 119551
119551 66302
66302 78566
78566 24912
24912 30291
30291 121734
121734 103413
103413 54098
54098 2169
2169 36873
36873 102557
102557 39546
39546 16927
16927 25617
25617 42276
42276 63337
63337 28161
28161 85524
85524 12127
12127 75088
75088 96857
96857 73717
73717 73550
73550 70711
70711 22448
22448 119474
119474 64993
64993 56313
56313 39824
39824 21653
21653 105959
105959 97380
97380 82608
82608 93626
93626 18790
18790 57288
57288 56399
56399 41286
41286 46507
46507 4193
4193 71281
71281 32138
32138 22062
22062 112912
112912 84510
84510 125960
125960 44184
44184 95773
95773 55289
55289 22416
22416 118930
118930 55745
55745 30168
30168 119643
119643 67866
67866 105154
105154 83695
83695 112105
112105 70791
70791 23808
23808 11523
11523 64820
64820 53372
53372 120898
120898 89201
89201 74636
74636 89173
89173 74160
74160 81081
81081 67667
67667 101771
101771 26184
26184 51915
51915 96129
96129 61341
61341 125300
125300 32964
32964 36104
36104 89484
89484 79447
79447 39889
39889 22758
22758 124744
124744 23512
23512 6491
6491 110347
110347 40905
40905 40030
40030 25155
25155 34422
34422 60890
60890 117633
117633 33696
33696 48548
48548 38890
38890 5775
5775 98175
98175 96123
96123 61239
61239 123566
123566 3486
3486 59262
59262 89957
89957 87488
87488 45515
45515 118400
118400 46735
46735 8069
8069 6102
6102 103734
103734 59555
59555 94938
94938 41094
41094 43243
43243 79776
79776 45482
45482 117839
117839 37198
37198 108082
108082 2400
2400 40800
40800 38245
38245 125881
125881 42841
42841 72942
72942 60375
60375 108878
108878 15932
15932 8702
8702 16863
16863 24529
24529 23780
23780 11047
11047 56728
56728 46879
46879 10517
10517 47718
47718 24780
24780 28047
28047 83586
83586 110252
110252 39290
39290 12575
12575 82704
82704 95258
95258 46534
46534 4652
4652 79084
79084 33718
33718 48922
48922 45248
45248 113861
113861 100643
100643 7008
7008 119136
119136 59247
59247 89702
89702 83153
83153 102891
102891 45224
45224 113453
113453 93707
93707 20167
20167 80697
80697 61139
61139 121866
121866 105657
105657 92246
92246 126401
126401 51681
51681 92151
92151 124786
124786 24226
24226 18629
18629 54551
54551 9870
9870 36719
36719 99939
99939 126111
126111 46751
46751 8341
8341 10726
10726 51271
51271 85181
85181 6296
6296 107032
107032 115621
115621 130563
130563 122435
122435 115330
115330 125616
125616 38336
38336 127428
127428 69140
69140 126812
126812 58668
58668 79859
79859 46893
46893 10755
10755 51764
51764 93562
93562 17702
17702 38792
