3 5293
255 7591
5293 6337
7591 6230
6337 5326
6230 2205
5326 7223
2205 7821
7223 1314
7821 5207
1314 281
5207 7503
281 7048
7503 1137
7048 6544
1137 7443
6544 1948
7443 1760
1948 2162
1760 3568
2162 213
3568 1723
213 7208
1723 6546
7208 7613
6546 16
7613 1360
16 926
1360 4991
926 6494
4991 3193
6494 1102
3193 3569
1102 298
3569 757
298 7008
757 5928
7008 4229
5928 7252
4229 2095
7252 6064
2095 7598
6064 6932
7598 7659
6932 3926
7659 6070
3926 8108
6070 1136
8108 6459
1136 218
6459 2148
218 2378
2148 5546
2378 4523
5546 7669
4523 4776
7669 4601
4776 6108
4601 3147
6108 5383
3147 7050
5383 1307
7050 4612
1307 7043
4612 712
7043 3183
712 252
3183 5038
252 2298
5038 6937
2298 8084
6937 7287
8084 5070
7287 5018
5070 598
5018 1684
598 3893
1684 3265
3893 7222
3265 7736
7222 2280
7736 5407
2280 899
5407 2696
899 8003
2696 402
8003 1406
402 4836
1406 1510
4836 5485
1510 7529
5485 1067
7529 594
1067 1344
594 7757
1344 4065
7757 1503
4065 4890
1503 6100
4890 2467
6100 4920
2467 459
4920 6251
459 7111
6251 6492
7111 3023
6492 3034
3023 3969
3034 1534
3969 7525
1534 727
7525 4458
727 2144
4458 2038
2144 1219
2038 5323
1219 1950
5323 1930
1950 230
1930 3168
230 7168
3168 3146
7168 5298
3146 8016
5298 1507
8016 5230
1507 2236
5230 1667
2236 2448
1667 3305
2448 2431
3305 1860
2431 2471
1860 5260
2471 4786
5260 5451
4786 4639
5451 1147
4639 7394
1147 5974
7394 8139
5974 3771
8139 1086
3771 2209
1086 7563
2209 3957
7563 514
3957 2735
514 3127
2735 3683
3127 1797
3683 5307
1797 590
5307 1004
590 3430
1004 4865
3430 3975
4865 2044
3975 1729
2044 7718
1729 750
7718 6413
750 4499
6413 5629
4499 3387
5629 1210
3387 4558
1210 2453
4558 3730
2453 5792
3730 860
5792 7572
860 4722
7572 11
4722 935
11 5756
935 5991
5756 1393
5991 3731
1393 5877
3731 8085
5877 7372
8085 4104
7372 4818
4104 8171
4818 6491
8171 2938
6491 4000
2938 4169
4000 2152
4169 2718
2152 1682
2718 3723
1682 5197
3723 7622
5197 781
7622 857
781 7317
857 7620
7317 611
7620 2789
611 7717
2789 665
7717 7379
665 4699
7379 6247
4699 6771
6247 2165
6771 3823
2165 5506
3823 1123
5506 5354
1123 4585
5354 4748
4585 2221
4748 392
2221 556
392 6305
556 3510
6305 3474
3510 414
3474 2426
414 1435
2426 7301
1435 6260
7301 7876
6260 5989
7876 1223
5989 5663
1223 6277
5663 1130
6277 5949
1130 6014
5949 3348
6014 6086
3348 1277
6086 2062
1277 3259
2062 6712
3259 5341
6712 3480
5341 924
3480 4821
924 235
4821 3593
235 2338
3593 2146
2338 2208
2146 7478
2208 4923
7478 714
4923 3353
714 6511
3353 4638
6511 1062
4638 169
1062 6174
169 566
6174 7155
566 2041
7155 1474
2041 2425
1474 1350
2425 76
1350 6460
76 303
6460 1182
303 2178
1182 4928
2178 1139
4928 6714
1139 5511
6714 1548
5511 524
1548 3585
524 1658
3585 1683
1658 3808
1683 4231
3808 7422
4231 163
7422 5664
163 6362
5664 164
6362 5749
164 5396
5749 8155
5396 5131
8155 2012
5131 7200
2012 5866
7200 7150
5866 1616
7150 6304
1616 3425
6304 4440
3425 614
4440 3044
614 4819
3044 65
4819 5525
65 2738
5525 3382
2738 785
3382 1197
785 3453
1197 6820
3453 6330
6820 5635
6330 3897
5635 3605
3897 3358
3605 6936
3358 7999
6936 62
7999 5270
62 5636
5270 3982
5636 2639
3982 3158
2639 6318
3158 4615
6318 7298
4615 6005
7298 2583
6005 6589
2583 3077
6589 7624
3077 951
7624 7116
951 6917
7116 6384
6917 2034
6384 879
2034 996
879 2750
996 4402
2750 5575
4402 6988
5575 4228
6988 7167
4228 3061
7167 6264
3061 25
6264 2125
25 423
2125 3191
423 932
3191 5501
932 698
5501 1993
698 5585
1993 7838
5585 2759
7838 5167
2759 5072
5167 5188
5072 6857
5188 1284
6857 2657
1284 4688
2657 5312
4688 1015
5312 4365
1015 2430
4365 1775
2430 3437
1775 5460
3437 5404
5460 644
5404 5594
644 412
5594 2256
412 3367
2256 7701
3367 7496
7701 6453
7496 7899
6453 7944
7899 3578
7944 1063
3578 254
1063 5208
254 366
5208 6537
366 6848
6537 519
6848 3160
519 6488
3160 2683
6488 6898
2683 4769
6898 4006
4769 4679
4006 4547
4679 1518
4547 6165
1518 7992
6165 7658
7992 3841
7658 7036
3841 117
7036 1754
117 1652
1754 1173
1652 1413
1173 5431
1413 2939
5431 4085
2939 3203
4085 1952
3203 2100
1952 6489
2100 2768
6489 5932
2768 4569
5932 3388
4569 1295
3388 3592
1295 2253
3592 3112
2253 2408
3112 8096
2408 116
8096 1669
116 2618
1669 1373
2618 2031
1373 624
2031 3894
624 3350
3894 6256
3350 7536
6256 1662
7536 2023
1662 8135
2023 3431
8135 4950
3431 3009
4950 1844
3009 1111
1844 4334
1111 7986
4334 7148
7986 1446
7148 45
1446 3825
45 5676
3825 7382
5676 4954
7382 3349
4954 6171
3349 311
6171 1862
311 2641
1862 3328
2641 4386
3328 4215
4386 6062
4215 7428
6062 673
7428 8059
673 5162
8059 4647
5162 1827
4647 7857
1827 4374
7857 3195
4374 1272
3195 1637
1272 8089
1637 7712
8089 240
7712 4018
240 5699
4018 1146
5699 7309
1146 6940
7309 148
6940 4389
148 4470
4389 3164
4470 6828
3164 7010
6828 6098
7010 2297
6098 6852
2297 859
6852 7487
859 5688
7487 211
5688 1553
211 949
1553 6946
949 658
6946 6784
658 3270
6784 7647
3270 2906
7647 1280
2906 2317
1280 361
2317 6112
361 3487
6112 1519
3487 6250
1519 7026
6250 7458
7026 3223
7458 3652
3223 7353
3652 2489
7353 6790
2489 3780
6790 1851
3780 1706
1851 5763
1706 6586
5763 2822
6586 2331
2822 1551
2331 779
1551 687
779 1058
687 8020
1058 1847
8020 1366
1847 1436
1366 7386
1436 5294
7386 7676
5294 5371
7676 6030
5371 4708
6030 7012
4708 6268
7012 365
6268 6452
365 7814
6452 719
7814 3778
719 1681
3778 3638
1681 6163
3638 7822
6163 1399
7822 4241
1399 81
4241 6885
81 3664
6885 182
3664 7279
182 4390
7279 4555
4390 2198
4555 6628
2198 6392
6628 2714
6392 1342
2714 7587
1342 5997
7587 1903
5997 6126
1903 4677
6126 4377
4677 3450
4377 6565
3450 1037
6565 6235
1037 5751
6235 5566
5751 6223
5566 4731
6223 776
4731 432
776 3956
432 429
3956 3701
429 3327
3701 4301
3327 5181
4301 6262
5181 8046
6262 4057
8046 823
4057 4427
823 7700
4427 7411
7700 7419
7411 8099
7419 371
8099 6962
371 2018
6962 7710
2018 70
7710 5950
70 6099
5950 2382
6099 5886
2382 659
5886 6869
659 2304
6869 7447
2304 2288
7447 6087
2288 1362
6087 1096
1362 3059
1096 6094
3059 1957
6094 2525
1957 1659
2525 1768
1659 2842
1768 4031
2842 6804
4031 4970
6804 4709
4970 7097
4709 5302
7097 165
5302 5834
165 4430
5834 7955
4430 4513
7955 6819
4513 6245
6819 6601
6245 4097
6601 4223
4097 6742
4223 7891
6742 7264
7891 3115
7264 2663
3115 5198
2663 7707
5198 8006
7707 657
8006 6699
657 4236
6699 7847
4236 3524
7847 4664
3524 3272
4664 7817
3272 974
7817 880
974 1081
880 1784
1081 4202
1784 4957
4202 3604
4957 3273
3604 7902
3273 8
7902 680
8 463
680 6591
463 3247
6591 5692
3247 551
5692 5880
551 149
5880 4474
149 3504
4474 2964
3504 6210
2964 3626
6210 5143
3626 3032
5143 3799
3032 3466
3799 7925
3466 1963
7925 3035
1963 4054
3035 568
4054 7325
568 109
7325 1074
109 1189
1074 2773
1189 6357
2773 7930
6357 2388
7930 6396
2388 3054
6396 5669
3054 6787
5669 3525
6787 4749
3525 2306
4749 7617
2306 356
7617 5687
356 126
5687 2519
126 1149
2519 7564
1149 4042
7564 7739
4042 2535
7739 2509
2535 299
2509 842
299 6042
842 5728
6042 3611
5728 3868
3611 1140
3868 6799
1140 4545
6799 1348
4545 8097
1348 201
8097 703
201 2418
703 755
2418 6838
755 7860
6838 4629
7860 297
4629 672
297 7974
672 6128
7974 4847
6128 2445
4847 3050
2445 5329
3050 2460
5329 4325
2460 7221
4325 7651
7221 3246
7651 5607
3246 1517
5607 6080
1517 767
6080 7858
767 4459
7858 2229
4459 1072
2229 1019
1072 4705
1019 6757
4705 975
6757 965
975 115
965 1584
115 3584
1584 1573
3584 2649
1573 4008
2649 4849
4008 2615
4849 1118
2615 4929
1118 1224
4929 5748
1224 5311
5748 930
5311 5331
930 2630
5331 2393
2630 6821
2393 6415
6821 4669
6415 3697
4669 2987
3697 8165
2987 5981
8165 543
5981 5200
543 7877
5200 6074
7877 257
6074 5463
257 5659
5463 5937
5659 4994
5937 6749
4994 295
6749 502
295 1715
502 6528
1715 6083
6528 1022
6083 4960
1022 3859
4960 375
3859 7302
375 6345
7302 6910
6345 5789
6910 605
5789 2279
605 5322
2279 1865
5322 2896
1865 430
2896 3786
430 2361
3786 4101
2361 4563
4101 2878
4563 7091
2878 4792
7091 5961
4792 7034
5961 8138
7034 3686
8138 2052
3686 2409
2052 8181
2409 7341
8181 1469
7341 2000
1469 6180
2000 1076
6180 1359
1076 841
1359 5957
841 6694
5957 3811
6694 4486
3811 4524
4486 7754
4524 3810
7754 4401
3810 5490
4401 7954
5490 4428
7954 7785
4428 6445
7785 7219
6445 7481
7219 5178
7481 6007
5178 2753
6007 4657
2753 2677
4657 6388
2677 2374
6388 5206
2374 196
5206 278
196 7248
278 1755
7248 1737
1755 207
1737 1213
207 4813
1213 7746
4813 3130
7746 3938
3130 7090
3938 4707
7090 6927
4707 7234
6927 565
7234 7070
565 3007
7070 1674
3007 3043
1674 4734
3043 1031
4734 5725
1031 3356
5725 6766
3356 1740
6766 462
1740 6506
462 4213
6506 5892
4213 1169
5892 1073
1169 1104
1073 3739
1104 6557
3739 357
6557 5772
357 7351
5772 2319
7351 531
2319 4180
531 3087
4180 283
3087 7673
283 5116
7673 737
5116 5308
737 675
5308 38
675 3230
38 4247
3230 591
4247 1089
591 2464
1089 4665
2464 3357
4665 6851
3357 774
6851 262
774 5888
262 829
5888 4937
829 1904
4937 6211
1904 3711
6211 4177
3711 2832
4177 3181
2832 82
3181 6970
82 2698
6970 8173
2698 6661
8173 1006
6661 3600
1006 2933
3600 3575
2933 808
3575 3152
808 5808
3152 2220
5808 307
2220 1522
307 6505
1522 4128
6505 6858
4128 1369
6858 1691
1369 4488
1691 4694
4488 5822
4694 3410
5822 3165
3410 6913
3165 6044
6913 5898
6044 1679
5898 3468
1679 8095
3468 31
8095 2635
31 2818
2635 1991
2818 5415
1991 1579
5415 3159
1579 6403
3159 3649
6403 7098
3649 5387
7098 7390
5387 5634
7390 3812
5634 4571
3812 3558
4571 7554
3558 3192
7554 1017
3192 4535
1017 498
4535 1375
498 2201
1375 6883
2201 3494
6883 2114
3494 7679
2114 5626
7679 3132
5626 4108
3132 5158
4108 4307
5158 5691
4307 466
5691 6846
466 349
6846 5092
349 6888
5092 3919
6888 5475
3919 6679
5475 2536
6679 2594
2536 7524
2594 642
7524 5424
642 2344
5424 2656
2344 4603
2656 6278
4603 1215
6278 4983
1215 5814
4983 2730
5814 2702
2730 322
2702 2797
322 206
2797 1128
206 5779
1128 7946
5779 3748
7946 7322
3748 8045
7322 3972
8045 1789
3972 4627
1789 127
4627 2604
127 183
2604 7364
183 3424
7364 4355
3424 1580
4355 3244
1580 5437
3244 3449
5437 6480
3449 2003
6480 6435
2003 6369
6435 759
6369 7178
759 3996
7178 3829
3996 6016
3829 3518
6016 4154
3518 877
4154 826
877 4682
826 4802
4682 6811
4802 5565
6811 6138
5565 5697
6138 976
5697 1050
976 7340
1050 1384
7340 2966
1384 6380
2966 1694
6380 4743
1694 1796
4743 5222
1796 1556
5222 1204
1556 4048
1204 58
4048 4930
58 1309
4930 4782
1309 5111
4782 312
5111 1947
312 1675
1947 3128
1675 3768
3128 831
3768 5107
831 8163
5107 5811
8163 2475
5811 5600
2475 922
5600 4651
922 2167
4651 3993
2167 3574
3993 723
3574 4118
723 6008
4118 2838
6008 3691
2838 2477
3691 5770
2477 7181
5770 4251
7181 931
4251 5416
931 1664
5416 2193
1664 6203
2193 3031
6203 3714
3031 4432
3714 8125
4432 2581
8125 6419
2581 5009
6419 8024
5009 2187
8024 5693
2187 636
5693 4914
636 8140
4914 3856
8140 120
3856 2009
120 6945
2009 573
6945 7750
573 3470
7750 74
3470 6290
74 2235
6290 1582
2235 3414
1582 3505
3414 3049
3505 5244
3049 3426
5244 4525
3426 7839
4525 2844
7839 4201
2844 4872
4201 4570
4872 3473
4570 329
3473 3392
329 1635
3392 7919
1635 1453
7919 640
1453 5254
640 4276
5254 3056
4276 5839
3056 4855
5839 3125
4855 3513
3125 3729
3513 5707
3729 1826
5707 7772
1826 5340
7772 3395
5340 1890
3395 5021
1890 853
5021 6977
853 3293
6977 1411
3293 5261
1411 4871
5261 4485
4871 4439
4485 529
4439 4010
529 5019
4010 683
5019 718
683 3693
718 2647
3693 3838
2647 6781
3838 3015
6781 2354
3015 3506
2354 3134
3506 4278
3134 3226
4278 3907
3226 4455
3907 1889
4455 4936
1889 1819
4936 7177
1819 3911
7177 4795
3911 6216
4795 4136
6216 7538
4136 1832
7538 91
1832 7735
91 2195
7735 6373
2195 1099
6373 3314
1099 3196
3314 1357
3196 671
1357 7889
671 7094
7889 5047
7094 3063
5047 6434
3063 6284
6434 1725
6284 7378
1725 4614
7378 7213
4614 6971
7213 2783
6971 7207
2783 6461
7207 388
6461 216
388 1978
216 4310
1978 5946
4310 5759
5946 6246
5759 6686
6246 3131
6686 4023
3131 6124
4023 4507
6124 6309
4507 3850
6309 7801
3850 7805
7801 8145
7805 4281
8145 3481
4281 1009
3481 3855
1009 35
3855 2975
35 7145
2975 1191
7145 2943
1191 4425
2943 7530
4425 1152
7530 7819
1152 1144
7819 7139
1144 681
7139 548
681 5625
548 3047
5625 5074
3047 5358
5074 4925
5358 884
4925 1421
884 6111
1421 3402
6111 2485
3402 6450
2485 7644
6450 2651
7644 4178
2651 2917
4178 2215
2917 8073
2215 6352
8073 7505
6352 7218
7505 7396
7218 6144
7396 6207
6144 3371
6207 8041
3371 3632
8041 5653
3632 5427
5653 2599
5427 7949
2599 4003
7949 4424
4003 7445
4424 2118
7445 8019
2118 1762
8019 2332
1762 1636
2332 8004
1636 487
8004 440
487 4636
440 892
4636 2101
892 6574
2101 1802
6574 5732
1802 3951
5732 4
3951 340
4 4327
340 7391
4327 5719
7391 2846
5719 4371
2846 2940
4371 4170
2940 2237
4170 1752
2237 1482
1752 3105
1482 1813
3105 6667
1813 1516
6667 5995
1516 1733
5995 8058
1733 5077
8058 5613
5077 2027
5613 284
2027 7758
284 4150
7758 537
4150 4690
537 5482
4690 7274
5482 3965
7274 1194
3965 3198
1194 1527
3198 6930
1527 7489
6930 5858
7489 6470
5858 1153
6470 7904
1153 178
7904 6939
178 63
6939 5355
63 4670
5355 3782
4670 2021
3782 7965
2021 5363
7965 5350
5363 4245
5350 421
4245 3021
421 2864
3021 5901
2864 1934
5901 570
1934 7495
570 6368
7495 674
6368 8144
674 4196
8144 4447
4196 1209
4447 4473
1209 3419
4473 3930
3419 6410
3930 4244
6410 336
4244 3987
336 3064
3987 6519
3064 5318
6519 1525
5318 6760
1525 1230
6760 6258
1230 7706
6258 7921
7706 1623
7921 6899
1623 4854
6899 3040
4854 4479
3040 3929
4479 6325
3929 5210
6325 536
5210 4605
536 6448
4605 7474
6448 4583
7474 4578
4583 4153
4578 792
4153 1792
792 4882
1792 5420
4882 2004
5420 6520
2004 5403
6520 559
5403 6560
559 612
6560 2874
612 6751
2874 465
6751 6761
465 1315
6761 5292
1315 7506
5292 7303
7506 6430
7303 5944
6430 5589
5944 8178
5589 7086
8178 4367
7086 2600
4367 8034
2600 3037
8034 4224
3037 6827
4224 6925
6827 7064
6925 2497
7064 7470
2497 4243
7470 251
4243 4953
251 3264
4953 7137
3264 511
7137 2480
511 6025
2480 4283
6025 3651
4283 7268
3651 3455
7268 6990
3455 4398
6990 5235
4398 2661
5235 5028
2661 1448
5028 215
1448 1893
215 5276
1893 6146
5276 6377
6146 1439
6377 7641
1439 2396
7641 7076
2396 3517
7076 4069
3517 1843
4069 1026
1843 5300
1026 8186
5300 7766
8186 4830
7766 1000
4830 3090
1000 538
3090 4775
538 4516
4775 7074
4516 3347
7074 6001
3347 2243
6001 2262
2243 3877
2262 1905
3877 6296
1905 2745
6296 3977
2745 2214
3977 7988
2214 7318
7988 7705
7318 7836
7705 2589
7836 7099
2589 5472
7099 6424
5472 5434
6424 3194
5434 1187
3194 2603
1187 98
2603 139
98 3624
139 4973
3624 4964
4973 4199
4964 4702
4199 6502
4702 3873
6502 1565
3873 1969
1565 3545
1969 6449
3545 7559
6449 3617
7559 4378
3617 3535
4378 5599
3535 837
5599 5617
837 2367
5617 4611
2367 6958
4611 1678
6958 3383
1678 870
3383 231
870 3253
231 6202
3253 2946
6202 4680
2946 4632
4680 552
4632 5965
552 7374
5965 4274
7374 2886
4274 7771
2886 5255
7771 4361
5255 2090
4361 5639
2090 4237
5639 7932
4237 2558
7932 4464
2558 2654
4464 4433
2654 19
4433 1615
19 6219
1615 4391
6219 4640
4391 1232
4640 6428
1232 5774
6428 7521
5774 387
7521 131
387 2944
131 4510
2944 6564
4510 952
6564 7201
952 5951
7201 6184
5951 1416
6184 5686
1416 41
5686 3485
41 1349
3485 8182
1349 7426
8182 503
7426 1800
503 5562
1800 5883
5562 404
5883 1576
404 2904
1576 1110
2904 4249
1110 761
4249 7348
761 2064
7348 3429
2064 4780
3429 4941
4780 2244
4941 2347
2244 2911
2347 1705
2911 5678
1705 7552
5678 3022
7552 2949
3022 4935
2949 1734
4935 8143
1734 4111
8143 5413
4111 1409
5413 5091
1409 6803
5091 4885
6803 5675
4885 7297
5675 5920
7297 3549
5920 6789
3549 3695
6789 2817
3695 1906
2817 6381
1906 1779
6381 3777
1779 1596
3777 4604
1596 6363
4604 249
6363 4783
249 5196
4783 7537
5196 1747
7537 1057
1747 7935
1057 2813
7935 1566
2813 2054
1566 2579
2054 6249
2579 6941
6249 233
6941 3423
233 4270
3423 2546
4270 3444
2546 6055
3444 6833
6055 7435
6833 1268
7435 1297
1268 3762
1297 321
3762 2712
321 1172
2712 1328
1172 6397
1328 3139
6397 4703
3139 6587
4703 2907
6587 1365
2907 1351
1365 161
1351 5494
161 103
5494 564
103 6985
564 3973
6985 1874
3973 3661
1874 8118
3661 1986
8118 4990
1986 6409
4990 4159
6409 1302
4159 4187
1302 3682
4187 1712
3682 6273
1712 790
6273 1622
790 6814
1622 5820
6814 3240
5820 5097
3240 7313
5097 7280
7313 4475
7280 3589
4475 1998
3589 6010
1998 3008
6010 1759
3008 2077
1759 4534
2077 413
4534 2341
413 2401
2341 7501
2401 6878
7501 3069
6878 6944
3069 488
6944 525
488 3670
525 692
3670 1483
692 3190
1483 847
3190 6467
847 898
6467 2611
898 778
2611 602
778 2024
602 29
2024 2465
29 4750
2465 2391
4750 6651
2391 156
6651 5069
156 4933
5069 1564
4933 1884
1564 4511
1884 6649
4511 8177
6649 7001
8177 5333
7001 2800
5333 461
2800 6421
461 5179
6421 6092
5179 1787
6092 4457
1787 2059
4457 3004
2059 1419
3004 5941
1419 5334
5941 2885
5334 7686
2885 6221
7686 4561
6221 2708
4561 832
2708 5192
832 7197
5192 5611
7197 1857
5611 2216
1857 8158
2216 5386
8158 7305
5386 6600
7305 4012
6600 5189
4012 6942
5189 318
6942 2457
318 4070
2457 1928
4070 60
1928 5100
60 7568
5100 4382
7568 3875
4382 1735
3875 37
1735 3145
37 5213
3145 791
5213 1707
791 5848
1707 5620
5848 2622
5620 1713
2622 6358
1713 8015
6358 1422
8015 6196
1422 2436
6196 2285
2436 5832
2285 4260
5832 1696
4260 4913
1696 8055
4913 4822
8055 320
4822 2627
320 2138
2627 1528
2138 7015
1528 6523
7015 5658
6523 5852
5658 5960
5852 6949
5960 913
6949 3886
913 2670
3886 5793
2670 945
5793 6606
945 4522
6606 7584
4522 5742
7584 4801
5742 6726
4801 6531
6726 6338
6531 6315
6338 4360
6315 2005
4360 6605
2005 4437
6605 359
4437 5942
359 5419
5942 1919
5419 7486
1919 5603
7486 1177
5603 1753
1177 1567
1753 2139
1567 1613
2139 6049
1613 6323
6049 5040
6323 2468
5040 5005
2468 7684
5005 6051
7684 6493
6051 3108
6493 2068
3108 3769
2068 916
3769 4141
916 7963
4141 5193
7963 7282
5193 4645
7282 1657
4645 1598
1657 4774
1598 4431
4774 8040
4431 3547
8040 6619
3547 5627
6619 3217
5627 3142
3217 4958
3142 3689
4958 2307
3689 7702
2307 7581
7702 5487
7581 7699
5487 7326
7699 194
7326 108
194 989
108 2155
989 2973
2155 6975
2973 3123
6975 3343
3123 5661
3343 6107
5661 3062
6107 6349
3062 7250
6349 1925
7250 7996
1925 7998
7996 8168
7998 6236
8168 5836
6236 4600
5836 6023
4600 4113
6023 5583
4113 7668
5583 4691
7668 5567
4691 6308
5567 3765
6308 576
3765 8005
576 572
8005 7665
572 4436
7665 274
4436 6908
274 5619
6908 2537
5619 2679
2537 6558
2679 442
6558 4806
442 7151
4806 1701
7151 5338
1701 3225
5338 3822
3225 5421
3822 2089
5421 5554
2089 5203
5554 8132
5203 3176
8132 7848
3176 3609
7848 3698
3609 3072
3698 7199
3072 5781
7199 8116
5781 1816
8116 6922
1816 6809
6922 5395
6809 8070
5395 6097
8070 2212
6097 7818
2212 1059
7818 8105
1059 881
8105 1166
881 818
1166 4002
818 4339
4002 220
4339 2318
220 446
2318 5146
446 3287
5146 901
3287 2866
901 6071
2866 2
6071 170
2 6259
170 7791
6259 6955
7791 1423
6955 6281
1423 1470
6281 2085
1470 5214
2085 876
5214 741
876 5648
741 5002
5648 7429
5002 758
7429 7093
758 4962
7093 4029
4962 6634
4029 6902
6634 5109
6902 142
5109 3879
142 2075
3879 4364
2075 2345
4364 2741
2345 3637
2741 6078
3637 597
6078 1599
597 4859
1599 3465
4859 7840
3465 2929
7840 3235
2929 4672
3235 3952
4672 89
3952 7565
89 4127
7565 6773
4127 2335
6773 1891
2335 5106
1891 8078
5106 6777
8078 2675
6777 6218
2675 4306
6218 5606
4306 1432
5606 7046
1432 967
7046 285
967 7843
285 3184
7843 337
3184 4072
337 2098
4072 6319
2098 4700
6319 6332
4700 5805
6332 1965
5805 3205
1965 2122
3205 168
2122 6089
168 1532
6089 7355
1532 2659
7355 4858
2659 3380
4858 615
3380 3129
615 3853
3129 8056
3853 4907
8056 7545
4907 2427
7545 1520
2427 6335
1520 6060
6335 7258
6060 2605
7258 268
2605 6398
268 3224
6398 3737
3224 6387
3737 2289
6387 6172
2289 396
6172 896
396 2441
896 2710
2441 1002
2710 3260
1002 6797
3260 4375
6797 3280
4375 306
3280 1437
306 7471
1437 4328
7471 7476
4328 4753
7476 2646
4753 3753
2646 7747
3753 3215
7747 2972
3215 6890
2972 4089
6890 3543
4089 6279
3543 1300
6279 4017
1300 5614
4017 2112
5614 7509
2112 7558
7509 3532
7558 5344
3532 3735
5344 6217
3735 4221
6217 6572
4221 1632
6572 7664
1632 4351
7664 1240
4351 7108
1240 6237
7108 5921
6237 3634
5921 5823
3634 3495
5823 2199
3495 6713
2199 5426
6713 2514
5426 724
2514 4203
724 5042
4203 2638
5042 3073
2638 7284
3073 4815
7284 7916
4815 1198
7916 3538
1198 5854
3538 6130
5854 5017
6130 513
5017 2650
513 4093
2650 3883
4093 2415
3883 500
2415 1545
500 269
1545 6483
269 2258
6483 3537
2258 5769
3537 7096
5769 5217
7096 1131
5217 6034
1131 5048
6034 3148
5048 5468
3148 6084
5468 1107
6084 3994
1107 3659
3994 7948
3659 3918
7948 5390
3918 7645
5390 2736
7645 3212
2736 2717
3212 1597
2717 4689
1597 5397
4689 49
5397 4165
49 1812
4165 6582
1812 2482
6582 6195
2482 2351
6195 3251
2351 6032
3251 4878
6032 5080
4878 5868
5080 7320
5868 7875
7320 5904
7875 2189
5904 5863
2189 6895
5863 4514
6895 6904
4514 5279
6904 6401
5279 3479
6401 839
3479 5787
839 435
5787 4211
435 5722
4211 3101
5722 1473
3101 2340
1473 2316
2340 276
2316 7078
276 3687
7078 2137
3687 1443
2137 7981
1443 6723
7981 6276
6723 1045
6276 6915
1045 6214
6915 3966
6214 1279
3966 2232
1279 1327
2232 6312
1327 4105
6312 4903
4105 7205
4903 6291
7205 2320
6291 616
2320 3214
616 2887
3214 7856
2887 4289
7856 4161
4289 1472
4161 2255
1472 3282
2255 476
3282 7696
476 7071
7696 3092
7071 708
3092 2843
708 4116
2843 5838
4116 4770
5838 4091
4770 3713
4091 4347
3713 900
4347 2781
900 7037
2781 202
7037 788
202 1452
788 555
1452 6220
555 4476
6220 3674
4476 1032
3674 5810
1032 2390
5810 6566
2390 1122
6566 5269
1122 5551
5269 4948
5551 2839
4948 3776
2839 1511
3776 5570
1511 6563
5570 867
6563 8167
867 6151
8167 6802
6151 4800
6802 6641
4800 7497
6641 6538
7497 6933
6538 7744
6933 2960
7744 5870
2960 7490
5870 5943
7490 5504
5943 953
5504 7286
953 4985
7286 5984
4985 798
5984 2302
798 7277
2302 4220
7277 6487
4220 2598
6487 7864
2598 4969
7864 4624
4969 8063
4624 5502
8063 783
5502 1027
783 5385
1027 7220
5385 7566
7220 4212
7566 5807
4212 2135
5807 1273
2135 1722
1273 7123
1722 7512
7123 7813
7512 634
7813 4744
634 1881
4744 4256
1881 1356
4256 586
1356 664
586 7294
664 5665
7294 6447
5665 7389
6447 5549
7389 4778
5549 4771
4778 4176
4771 2747
4176 4147
2747 282
4147 7588
282 6082
7588 937
6082 5926
937 4059
5926 993
4059 2495
993 7300
2495 6175
7300 651
6175 6189
651 1841
6189 856
1841 7232
856 395
7232 811
395 3407
811 2910
3407 1620
2910 6644
1620 7752
6644 3640
7752 6333
3640 5890
6333 999
5890 3005
999 1504
3005 4975
1504 5134
4975 2267
5134 4302
2267 5266
4302 5296
5266 7846
5296 3439
7846 5630
3439 3472
5630 244
3472 4358
244 1835
4358 346
1835 4837
346 1595
4837 4519
1595 7329
4519 449
7329 5401
449 389
5401 301
389 1012
301 4110
1012 5328
4110 2375
5328 5291
2375 7421
5291 78
7421 6630
78 6562
6630 782
6562 942
782 6351
942 7420
6351 8184
7420 7596
8184 6762
7596 1400
6762 4326
1400 7306
4326 6685
7306 3046
6685 4989
3046 6324
4989 5125
6324 1502
5125 4805
1502 7066
4805 2667
7066 5538
2667 3843
5538 7206
3843 6376
7206 1354
6376 416
1354 2596
416 7694
2596 6901
7694 5024
6901 1108
5024 4079
1108 2693
4079 7748
2693 3300
7748 2006
3300 6690
2006 3471
6690 159
3471 5324
159 2035
5324 964
2035 30
964 2550
30 3784
2550 2191
3784 6033
2191 4963
6033 4114
4963 5668
4114 6702
5668 4491
6702 4949
4491 2924
4949 2810
2924 1311
2810 4952
1311 3179
4952 8103
3179 711
8103 3098
711 1218
3098 5238
1218 2916
5238 2130
2916 848
2130 6552
848 8123
6552 2411
8123 160
2411 5409
160 1069
5409 764
1069 7603
764 7357
7603 2829
7357 2926
2829 2980
2926 7570
2980 4552
7570 1943
4552 1335
1943 6992
1335 4568
6992 3303
4568 2261
3303 3792
2261 2871
3792 6496
2871 3363
6496 7361
3363 3169
7361 7253
3169 2180
7253 5098
2180 7398
5098 6314
7398 4275
6314 2971
4275 6805
2971 5055
6805 3743
5055 6897
3743 4684
6897 4972
4684 4879
4972 5165
4879 4902
5165 7120
4902 7257
7120 2520
7257 1234
2520 6598
1234 3842
6598 7121
3842 7342
7121 1554
7342 1034
1554 5980
1034 458
5980 6166
458 8077
6166 6692
8077 3641
6692 6418
3641 4924
6418 799
4924 2387
799 6311
2387 4020
6311 5869
4020 7405
5869 6909
7405 5704
6909 1571
5704 2479
1571 5940
2479 5249
5940 3851
5249 7886
3851 6839
7886 7945
6839 3663
7945 97
3663 54
97 4590
54 5173
4590 5582
5173 7583
5582 5657
7583 5767
5657 6926
5767 7149
6926 1531
7149 7270
1531 3625
7270 5058
3625 3998
5058 3999
3998 4084
3999 3118
4084 2918
3118 2300
2918 7107
2300 6152
7107 6887
6152 3834
6887 6441
3834 6879
6441 3154
6879 5978
3154 288
5978 8098
288 286
8098 7928
286 2218
7928 137
2218 3454
137 6905
