0.0507927185989705 0.6857617337139974
0.6857617337139974 0.33447306364935625
0.33447306364935625 0.8185803892335799
0.8185803892335799 0.3846895653020115
0.3846895653020115 0.5340119789495148
0.5340119789495148 0.8994812474836109
0.8994812474836109 0.04915521911653031
0.04915521911653031 0.17786238076171842
0.17786238076171842 0.4659379439687914
0.4659379439687914 0.6441914924672387
0.6441914924672387 0.4802186279959513
0.4802186279959513 0.9434156670023736
0.9434156670023736 0.463748003197229
0.463748003197229 0.9423097351217871
0.9423097351217871 0.5741961982251644
0.5741961982251644 0.8339716085246747
0.8339716085246747 0.5565328051168807
0.5565328051168807 0.8028597744363641
0.8028597744363641 0.09782153697876206
0.09782153697876206 0.004211971546498106
0.004211971546498106 0.04644735064480665
0.04644735064480665 0.9426781682619252
0.9426781682619252 0.16561840593360921
0.16561840593360921 0.9590840289719067
0.9590840289719067 0.18073791046651388
0.18073791046651388 0.6037628794036727
0.6037628794036727 0.5475958831166376
0.5475958831166376 0.41122997811169704
0.41122997811169704 0.30245355416741804
0.30245355416741804 0.5619518853365435
0.5619518853365435 0.7903961123174943
0.7903961123174943 0.7988993846775262
0.7988993846775262 0.612377755362004
0.612377755362004 0.2753977826095144
0.2753977826095144 0.15696963107247708
0.15696963107247708 0.35305490353181834
0.35305490353181834 0.35614744776439045
0.35614744776439045 0.45554071252089834
0.45554071252089834 0.36582796834150777
0.36582796834150777 0.2120838649240322
0.2120838649240322 0.4222168451867634
0.4222168451867634 0.6512689876396296
0.6512689876396296 0.20287194328544222
0.20287194328544222 0.5697808069371624
0.5697808069371624 0.9539027266702218
0.9539027266702218 0.8714575834399612
0.8714575834399612 0.6286694290664712
0.6286694290664712 0.2947427672271401
0.2947427672271401 0.8388861625171469
0.8388861625171469 0.21568419064995625
0.21568419064995625 0.4998878638310549
0.4998878638310549 0.5619341852418969
0.5619341852418969 0.6896634483904884
0.6896634483904884 0.12142106274632591
0.12142106274632591 0.035562372362096806
0.035562372362096806 0.7735211667219093
0.7735211667219093 0.3845043204267642
0.3845043204267642 0.7112345789129828
0.7112345789129828 0.14979872161443675
0.14979872161443675 0.9093194215814105
0.9093194215814105 0.18135388041882083
0.18135388041882083 0.3162617384341795
0.3162617384341795 0.9978576329054376
0.9978576329054376 0.4449960785327798
0.4449960785327798 0.5583549920187845
0.5583549920187845 0.5689423585095332
0.5689423585095332 0.04332708397697527
0.04332708397697527 0.7595145103775074
0.7595145103775074 0.44272520236570223
0.44272520236570223 0.1391177126718579
0.1391177126718579 0.5596526290960024
0.5596526290960024 0.13864433115040153
0.13864433115040153 0.404680116776416
0.404680116776416 0.9744679062283719
0.9744679062283719 0.7543572881960237
0.7543572881960237 0.4827054296202067
0.4827054296202067 0.40770837234807056
0.40770837234807056 0.8839695160662471
0.8839695160662471 0.9388408419582366
0.9388408419582366 0.22153880762701572
0.22153880762701572 0.592181929997091
0.592181929997091 0.7254722927473274
0.7254722927473274 0.6837103577784265
0.6837103577784265 0.20021181420928102
0.20021181420928102 0.751283997075956
0.751283997075956 0.5652308767728975
0.5652308767728975 0.9081672609659946
0.9081672609659946 0.7435722650200798
0.7435722650200798 0.19720505497961804
0.19720505497961804 0.15148152478018018
0.15148152478018018 0.5561802898943313
0.5561802898943313 0.2212722389789692
0.2212722389789692 0.9484303768577225
0.9484303768577225 0.7981188673321395
0.7981188673321395 0.2712446329019427
0.2712446329019427 0.3867202558971179
0.3867202558971179 0.5272192425949163
0.5272192425949163 0.6034786738298072
0.6034786738298072 0.6064565887003242
0.6064565887003242 0.0577485902045447
0.0577485902045447 0.5484487944178915
0.5484487944178915 0.73416678187496
0.73416678187496 0.8633815071503022
0.8633815071503022 0.24631476750763115
0.24631476750763115 0.08295156705085782
0.08295156705085782 0.4011303906913044
0.4011303906913044 0.7926544461467537
0.7926544461467537 0.8249156227199865
0.8249156227199865 0.947061719900381
0.947061719900381 0.5313176805251483
0.5313176805251483 0.5280018489921152
0.5280018489921152 0.0973482067897451
0.0973482067897451 0.21676575867060244
0.21676575867060244 0.9864727234063999
0.9864727234063999 0.8625020032386914
0.8625020032386914 0.5672683640863596
0.5672683640863596 0.6838836073566386
0.6838836073566386 0.4331297766997191
0.4331297766997191 0.06893726956104995
0.06893726956104995 0.746675120074749
0.746675120074749 0.9378658278164824
0.9378658278164824 0.395582503540453
0.395582503540453 0.9350551464240453
0.9350551464240453 0.04863006503387779
0.04863006503387779 0.38067115830814613
0.38067115830814613 0.4920653942321429
0.4920653942321429 0.4645701249524743
0.4645701249524743 0.38234833246503763
0.38234833246503763 0.7779699577063155
0.7779699577063155 0.9457351746351661
0.9457351746351661 0.03777316186466528
0.03777316186466528 0.503972576088696
0.503972576088696 0.7032092571420623
0.7032092571420623 0.5842790621318406
0.5842790621318406 0.8520503818216794
0.8520503818216794 0.3880381421575928
0.3880381421575928 0.18179445375939274
0.18179445375939274 0.7697720988086246
0.7697720988086246 0.7523276577216791
0.7523276577216791 0.5366118355002721
0.5366118355002721 0.8800080263281576
0.8800080263281576 0.16239845573929035
0.16239845573929035 0.8882970164427535
0.8882970164427535 0.11099691404139422
0.11099691404139422 0.525175193358886
0.525175193358886 0.15767507952682958
0.15767507952682958 0.47908750275317624
0.47908750275317624 0.17236482433953637
0.17236482433953637 0.6138757009429026
0.6138757009429026 0.4083798617779397
0.4083798617779397 0.11092163411783251
0.11092163411783251 0.06430596748644124
0.06430596748644124 0.3654574050410133
0.3654574050410133 0.03902346759788111
0.03902346759788111 0.7742247763396621
0.7742247763396621 0.6041869093143828
0.6041869093143828 0.3009825204337373
0.3009825204337373 0.7706634696048191
0.7706634696048191 0.2757507061645659
0.2757507061645659 0.9607010929330801
0.9607010929330801 0.6107773862434582
0.6107773862434582 0.2683759426765866
0.2683759426765866 0.9556916625463334
0.9556916625463334 0.15769215089263033
0.15769215089263033 0.1604721581359232
0.1604721581359232 0.7917546892321248
0.7917546892321248 0.29364876415336094
0.29364876415336094 0.5465331316466462
0.5465331316466462 0.0309556654501959
0.0309556654501959 0.46759943957609096
0.46759943957609096 0.905186376899378
0.905186376899378 0.1680504539394838
0.1680504539394838 0.3523865427178072
0.3523865427178072 0.14432790109561222
0.14432790109561222 0.9796285469021635
0.9796285469021635 0.6263553953343157
0.6263553953343157 0.6235205603307061
0.6235205603307061 0.6377106252209823
0.6377106252209823 0.7058448001634829
0.7058448001634829 0.5893927927574492
0.5893927927574492 0.8754726637294894
0.8754726637294894 0.6375196453937788
0.6375196453937788 0.3740693661862089
0.3740693661862089 0.7368056154717573
0.7368056154717573 0.5960948597714153
0.5960948597714153 0.5281683408247138
0.5281683408247138 0.8666533804150766
0.8666533804150766 0.7526417937121888
0.7526417937121888 0.36826060531217664
0.36826060531217664 0.24247310408858125
0.24247310408858125 0.9061158947485524
0.9061158947485524 0.3688022434429108
0.3688022434429108 0.11639882348153274
0.11639882348153274 0.36057569880262363
0.36057569880262363 0.207044330150993
0.207044330150993 0.5656516072220694
0.5656516072220694 0.7535860697815813
0.7535860697815813 0.4318932341940074
0.4318932341940074 0.14619039795147604
0.14619039795147604 0.9497348799933085
0.9497348799933085 0.5466037422801926
0.5466037422801926 0.6019503144004328
0.6019503144004328 0.016392727157213294
0.016392727157213294 0.6995398510279445
0.6995398510279445 0.5111466330354597
0.5111466330354597 0.4749060268109808
0.4749060268109808 0.05858238104100533
0.05858238104100533 0.9573201802491446
0.9573201802491446 0.27191876533592607
0.27191876533592607 0.701975070532304
0.701975070532304 0.04933131752841424
0.04933131752841424 0.3532589011340459
0.3532589011340459 0.21164439519320122
0.21164439519320122 0.5571442255175616
0.5571442255175616 0.5813788277597658
0.5813788277597658 0.8833296027137529
0.8833296027137529 0.847914278399226
0.847914278399226 0.9345675025554688
0.9345675025554688 0.04355194794822559
0.04355194794822559 0.520257392010075
0.520257392010075 0.323541632899802
0.323541632899802 0.43973481644610324
0.43973481644610324 0.6351856553808948
0.6351856553808948 0.5388372514536175
0.5388372514536175 0.3390718462722533
0.3390718462722533 0.7468158118804071
0.7468158118804071 0.8667709461340722
0.8667709461340722 0.2710807113157023
0.2710807113157023 0.11550264285033562
0.11550264285033562 0.9122059516643302
0.9122059516643302 0.23862405117273133
0.23862405117273133 0.7180037453696655
0.7180037453696655 0.0034641183074994863
0.0034641183074994863 0.8533670782226741
0.8533670782226741 0.344923099329852
0.344923099329852 0.6088163369006176
0.6088163369006176 0.5044579157391929
0.5044579157391929 0.49377841099652114
0.49377841099652114 0.2881969320943152
0.2881969320943152 0.37226932176042604
0.37226932176042604 0.5690039310295705
0.5690039310295705 0.8779220092682931
0.8779220092682931 0.7107279795550012
0.7107279795550012 0.9442615722435694
0.9442615722435694 0.08958587421514608
0.08958587421514608 0.770807310062618
0.770807310062618 0.4037728975428103
0.4037728975428103 0.33115382578818675
0.33115382578818675 0.49839987120459783
0.49839987120459783 0.8418580906628611
0.8418580906628611 0.6147926657786638
0.6147926657786638 0.20522625456702137
0.20522625456702137 0.5664790888174913
0.5664790888174913 0.6668693850870184
0.6668693850870184 0.907250591011179
0.907250591011179 0.4066055948017593
0.4066055948017593 0.35253594557265067
0.35253594557265067 0.8400324141502763
0.8400324141502763 0.016643524107998964
0.016643524107998964 0.04399485324250163
0.04399485324250163 0.2381858587009842
0.2381858587009842 0.1591103342846587
0.1591103342846587 0.5097111575048288
0.5097111575048288 0.8260189510404563
0.8260189510404563 0.9013999099219753
0.9013999099219753 0.5597010630837955
0.5597010630837955 0.31970750929070935
0.31970750929070935 0.518902702685927
0.518902702685927 0.5184179792073622
0.5184179792073622 0.10029223579314372
0.10029223579314372 0.0574826757975222
0.0574826757975222 0.2858604175840216
0.2858604175840216 0.3417630604378017
0.3417630604378017 0.7551933427016022
0.7551933427016022 0.797333891559874
0.797333891559874 0.9345893255353573
0.9345893255353573 0.6419303030897172
0.6419303030897172 0.6165859047474642
0.6165859047474642 0.9097713073930381
0.9097713073930381 0.7566051461594945
0.7566051461594945 0.36698635836371807
0.36698635836371807 0.27518792406609305
0.27518792406609305 0.3890799832037808
0.3890799832037808 0.034229382256036445
0.034229382256036445 0.3132339228529386
0.3132339228529386 0.4983503919202958
0.4983503919202958 0.4280260208531175
0.4280260208531175 0.4278902726673478
0.4278902726673478 0.10272575690796515
0.10272575690796515 0.5331207896154231
0.5331207896154231 0.661065237868689
0.661065237868689 0.5981304856251042
0.5981304856251042 0.14905150965296565
0.14905150965296565 0.8929174062465335
0.8929174062465335 0.3234445730567108
0.3234445730567108 0.9366804340527117
0.9366804340527117 0.06015390512898611
0.06015390512898611 0.1809838343197503
0.1809838343197503 0.6613222021697753
0.6613222021697753 0.9261766513658414
0.9261766513658414 0.03335553736443675
0.03335553736443675 0.5069165169763148
0.5069165169763148 0.33761978756050715
0.33761978756050715 0.489292500423538
0.489292500423538 0.1855905870112644
0.1855905870112644 0.9338430209266055
0.9338430209266055 0.7578136407795539
0.7578136407795539 0.5395957985002942
0.5395957985002942 0.342802031408054
0.342802031408054 0.9512494704874119
0.9512494704874119 0.2875125930784712
0.2875125930784712 0.8570316785571597
0.8570316785571597 0.879976950382866
0.879976950382866 0.3611652342998617
0.3611652342998617 0.6137766506339246
0.6137766506339246 0.6817308689015404
0.6817308689015404 0.6306975178643999
0.6306975178643999 0.5567805315225647
0.5567805315225647 0.19449302902404075
0.19449302902404075 0.6903603804036607
0.6903603804036607 0.7662171845459222
0.7662171845459222 0.200967267035276
0.200967267035276 0.5087787721644519
0.5087787721644519 0.3243282448326288
0.3243282448326288 0.6628048501056114
0.6628048501056114 0.5085680424225081
0.5085680424225081 0.5256377344029378
0.5256377344029378 0.8090624230364898
0.8090624230364898 0.6105199604034806
0.6105199604034806 0.3203901453380835
0.3203901453380835 0.805857414358071
0.805857414358071 0.36334003725939
0.36334003725939 0.5116330255758286
0.5116330255758286 0.8590805805287944
0.8590805805287944 0.9559666889486024
0.9559666889486024 0.7374264501630039
0.7374264501630039 0.2557481778054853
0.2557481778054853 0.35916458472029467
0.35916458472029467 0.2576515347066519
0.2576515347066519 0.6584910087938789
0.6584910087938789 0.38814483629625296
0.38814483629625296 0.949622251470511
0.949622251470511 0.6984951708617919
0.6984951708617919 0.27215387235386945
0.27215387235386945 0.4638007932787236
0.4638007932787236 0.8419321211133277
0.8419321211133277 0.6259143752132832
0.6259143752132832 0.6429715294187575
0.6429715294187575 0.6664236150983363
0.6664236150983363 0.03945229712652898
0.03945229712652898 0.5926197335834866
0.5926197335834866 0.9119510799540196
0.9119510799540196 0.10635913516871742
0.10635913516871742 0.762307391693041
0.762307391693041 0.9054499644864294
0.9054499644864294 0.2970266782179829
0.2970266782179829 0.9436621195754528
0.9436621195754528 0.36483143089852854
0.36483143089852854 0.5022276971069963
0.5022276971069963 0.2443893815066227
0.2443893815066227 0.7014569712801364
0.7014569712801364 0.09674460885817027
0.09674460885817027 0.10465808096675389
0.10465808096675389 0.973696812389401
0.973696812389401 0.6043613960099832
0.6043613960099832 0.9967767396555347
0.9967767396555347 0.565906154908407
0.565906154908407 0.21520716242647753
0.21520716242647753 0.5509007092577032
0.5509007092577032 0.6201497054086513
0.6201497054086513 0.44520025520028295
0.44520025520028295 0.19758994647638195
0.19758994647638195 0.8398873356370002
0.8398873356370002 0.9609300026583694
0.9609300026583694 0.996214384023282
0.996214384023282 0.6299642323539547
0.6299642323539547 0.7039478601364937
0.7039478601364937 0.17155346771237623
0.17155346771237623 0.6530811108409136
0.6530811108409136 0.47591207065844543
0.47591207065844543 0.7623876506185396
0.7623876506185396 0.8236514701878355
0.8236514701878355 0.7534917010608435
0.7534917010608435 0.9355735497887541
0.9355735497887541 0.44722856711215586
0.44722856711215586 0.6902926200526386
0.6902926200526386 0.5076356365250194
0.5076356365250194 0.292568742936105
0.292568742936105 0.9864258734845373
0.9864258734845373 0.8092558135511709
0.8092558135511709 0.3151887835408429
0.3151887835408429 0.9778272461777924
0.9778272461777924 0.07289591605701062
0.07289591605701062 0.9591712849659717
0.9591712849659717 0.8232996436570637
0.8232996436570637 0.42537910770444887
0.42537910770444887 0.5198226257479868
0.5198226257479868 0.7131920235105258
0.7131920235105258 0.5408187480479913
0.5408187480479913 0.7309763216082228
0.7309763216082228 0.9338702877974814
0.9338702877974814 0.7435634020672093
0.7435634020672093 0.3257330679566812
0.3257330679566812 0.026106640511918133
0.026106640511918133 0.18939141590121578
0.18939141590121578 0.4001834955572072
0.4001834955572072 0.7471727456709147
0.7471727456709147 0.05818397511239537
0.05818397511239537 0.8459093471806858
0.8459093471806858 0.5520946948171142
0.5520946948171142 0.5677460388246316
0.5677460388246316 0.9751764869082216
0.9751764869082216 0.005393373307641891
0.005393373307641891 0.23898065467411023
0.23898065467411023 0.921183138127159
0.921183138127159 0.7882336786173473
0.7882336786173473 0.16923107826414263
0.16923107826414263 0.9187487992910077
0.9187487992910077 0.9519204303289825
0.9519204303289825 0.013573197045660734
0.013573197045660734 0.34546777589007327
0.34546777589007327 0.7854399177550708
0.7854399177550708 0.3345973642429241
0.3345973642429241 0.9861439493327357
0.9861439493327357 0.3482319540483445
0.3482319540483445 0.3285782501961001
0.3285782501961001 0.14959097364614093
0.14959097364614093 0.8984256622732776
0.8984256622732776 0.8670850683747005
0.8670850683747005 0.9705637905235402
0.9705637905235402 0.7112494525632824
0.7112494525632824 0.09941309578581636
0.09941309578581636 0.5496097041026586
0.5496097041026586 0.9469841965111828
0.9469841965111828 0.39588242960341535
0.39588242960341535 0.24490148896974406
0.24490148896974406 0.8978979452349758
0.8978979452349758 0.3565447631686236
0.3565447631686236 0.7448198813594058
0.7448198813594058 0.9149771478253848
0.9149771478253848 0.371277869703043
0.371277869703043 0.039777902581582314
0.039777902581582314 0.5069907706881884
0.5069907706881884 0.888725104526228
0.888725104526228 0.7756163280003019
0.7756163280003019 0.28062878396953184
0.28062878396953184 0.4186766548059384
0.4186766548059384 0.12759116869034415
0.12759116869034415 0.4457556693476654
0.4457556693476654 0.1412544055588547
0.1412544055588547 0.8317820037053947
0.8317820037053947 0.7621685678195933
0.7621685678195933 0.08951674300714574
0.08951674300714574 0.2607900138793786
0.2607900138793786 0.5233877268447216
0.5233877268447216 0.7720117929545827
0.7720117929545827 0.9248729621634593
0.9248729621634593 0.6110607095825662
0.6110607095825662 0.6134017449029372
0.6134017449029372 0.013264915936853194
0.013264915936853194 0.9673767139122649
0.9673767139122649 0.8998829053650707
0.8998829053650707 0.530113543721646
0.530113543721646 0.6846533752743424
0.6846533752743424 0.12904073309867714
0.12904073309867714 0.9576602424983798
0.9576602424983798 0.8310222416194083
0.8310222416194083 0.2697402172257388
0.2697402172257388 0.9625536986190779
0.9625536986190779 0.0876986216017881
0.0876986216017881 0.7295800012877738
0.7295800012877738 0.17129984328586678
0.17129984328586678 0.2759004437365924
0.2759004437365924 0.9617138340357831
0.9617138340357831 0.8888944641454581
0.8888944641454581 0.7966115305242598
0.7966115305242598 0.7002636679199699
0.7002636679199699 0.7550868502122059
0.7550868502122059 0.347159403383428
0.347159403383428 0.7142461860092097
0.7142461860092097 0.3456448595987949
0.3456448595987949 0.11517715060094735
0.11517715060094735 0.9273980223336051
0.9273980223336051 0.30896879876135475
0.30896879876135475 0.651769376428776
0.651769376428776 0.2043140839222648
0.2043140839222648 0.6524446909289994
0.6524446909289994 0.816975554577227
0.816975554577227 0.947456504359967
0.947456504359967 0.8680207478744615
0.8680207478744615 0.9670765125486982
0.9670765125486982 0.014265903138509062
0.014265903138509062 0.8927767351886606
0.8927767351886606 0.8067140285206591
0.8067140285206591 0.7698610821018022
0.7698610821018022 0.7577379398897173
0.7577379398897173 0.37688346575614773
0.37688346575614773 0.2586072219699558
0.2586072219699558 0.7030879914340576
