500	1377	3211	6129	10076	15016	20937	27911	35603	43892	52465	60947	69285	76123	82166	87178	91189	92549	93059	91716	89008	84910	79852	74148	68084	61780	55311	49005	43216	38027	33143	28511	24423	20621	17490	14908	12703	10707	9014	7486	6202	5201	4361	3613	2965	2502	2095	1770	1484	1243	991	850	681	558	482	417	346	282	244	196	173	140	108	80	61	55	44	42	33	32	30	26	21	17	18	15	11	10	8	5	3	2	0	0	0	0	0	0	0	0	0	0	0	0	0	0	0	0	0	0	0	0	0	0	0	0	0	0	0	0	0	0	0	0	0	0	0	0	0	0	
500	1373	3203	6169	10086	15066	21181	28137	36073	44488	52675	61290	69105	76266	82394	86991	90321	92187	92793	91753	89063	85134	79982	74462	68434	61997	55861	49618	43788	38190	33382	28719	24718	20967	17712	15170	12632	10664	8738	7302	6087	5049	4168	3434	2908	2401	1988	1683	1450	1188	1007	875	733	599	496	399	329	275	229	181	135	108	95	77	70	51	42	36	26	23	16	14	8	8	5	5	2	2	2	1	0	0	0	0	0	0	0	0	0	0	0	0	0	0	0	0	0	0	0	0	0	0	0	0	0	0	0	0	0	0	0	0	0	0	0	0	0	0	0	0	
500	1352	3089	5895	9744	14582	20602	27353	34879	43087	51796	60185	68062	75157	80864	86258	90214	91764	92455	90868	88862	85297	80347	74756	68765	62370	56368	50225	44514	39371	34365	29479	25449	21624	18371	15503	13026	11013	9071	7625	6312	5263	4335	3527	3005	2578	2159	1824	1499	1195	989	797	635	538	459	379	307	248	195	155	116	101	77	65	55	43	44	27	29	26	17	14	15	11	9	5	2	1	0	0	0	0	0	0	0	0	0	0	0	0	0	0	0	0	0	0	0	0	0	0	0	0	0	0	0	0	0	0	0	0	0	0	0	0	0	0	0	0	0	0	
500	1388	3164	6099	10163	15157	21313	28212	35976	44296	52702	61324	69147	76121	82078	86884	90694	92728	93314	91902	88980	85181	80298	74843	68766	62266	55807	49705	43672	38183	32907	28338	24161	20416	17456	14598	12269	10372	8624	7059	5850	4871	4017	3368	2756	2326	1939	1636	1343	1123	943	836	660	555	435	324	269	243	221	174	160	131	115	90	74	72	52	41	30	20	20	14	12	10	12	9	8	7	6	4	5	4	5	2	1	0	0	0	0	0	0	0	0	0	0	0	0	0	0	0	0	0	0	0	0	0	0	0	0	0	0	0	0	0	0	0	0	0	0	0	
500	1357	3128	6037	10006	15176	21321	28239	35674	43947	52660	60698	68596	75550	81110	86079	89962	91728	92164	91703	88882	85023	79888	74324	68733	62474	56118	50174	44300	38569	33392	28760	24571	21179	18083	15258	12959	10834	9057	7574	6298	5162	4311	3570	3000	2520	2191	1864	1556	1285	1036	820	666	540	456	341	262	215	164	141	115	110	88	70	61	50	37	31	24	19	9	6	6	6	6	1	0	0	0	0	0	0	0	0	0	0	0	0	0	0	0	0	0	0	0	0	0	0	0	0	0	0	0	0	0	0	0	0	0	0	0	0	0	0	0	0	0	0	0	0	
500	1374	3185	5941	9847	15014	21123	28020	35656	43741	52180	60880	69018	76245	82262	87141	91002	92704	92793	91526	88875	85117	79815	74298	68320	61782	55447	49274	43527	38051	32943	28620	24639	20925	17684	14782	12304	10354	8754	7320	6103	5088	4295	3627	2948	2470	2054	1672	1426	1214	1055	910	739	592	464	394	368	324	251	219	175	146	106	74	66	60	53	39	22	17	14	10	11	10	9	6	5	6	4	2	1	0	0	0	0	0	0	0	0	0	0	0	0	0	0	0	0	0	0	0	0	0	0	0	0	0	0	0	0	0	0	0	0	0	0	0	0	0	0	0	
500	1379	3161	6099	10164	15169	21545	28662	36361	44351	52661	60975	69200	76366	82675	87683	90596	92537	92363	90777	88433	84516	79396	73786	67437	61129	55059	48581	43161	37694	32832	28444	24535	21099	17928	15214	12715	10721	9072	7573	6396	5311	4420	3699	3080	2572	2182	1785	1457	1200	965	783	641	512	440	352	290	255	209	177	143	135	111	101	87	69	57	45	33	28	24	20	20	20	18	18	19	20	11	8	7	6	3	2	0	0	0	0	0	0	0	0	0	0	0	0	0	0	0	0	0	0	0	0	0	0	0	0	0	0	0	0	0	0	0	0	0	0	0	0	
500	1326	3086	5888	9805	14774	20586	27614	35232	43189	51033	59289	67197	74364	80943	85652	89085	91856	92836	91850	90147	85856	81263	75844	69600	63228	56932	50813	44809	39107	33992	29253	24980	21260	18148	15421	12982	10835	9151	7752	6400	5380	4437	3636	2960	2486	2127	1739	1437	1165	945	819	663	549	481	413	333	300	268	206	179	150	112	83	54	44	39	28	19	10	10	8	8	4	3	3	3	4	8	5	7	5	3	3	4	3	3	2	1	1	0	0	0	0	0	0	0	0	0	0	0	0	0	0	0	0	0	0	0	0	0	0	0	0	0	0	0	0	0	0	
500	1382	3212	6076	9983	14941	20935	27889	35538	43661	52153	60085	68138	75681	82369	87219	90792	92684	92473	91080	88416	84687	79726	74417	68496	62187	55965	49807	43942	38230	33248	28742	24631	21307	18154	15207	12736	10628	8875	7531	6212	5165	4336	3660	3104	2618	2150	1771	1488	1258	1069	833	718	597	516	423	361	297	216	184	173	160	129	94	83	57	50	41	35	27	20	18	22	21	11	9	7	3	3	4	3	3	2	4	1	0	0	0	0	0	0	0	0	0	0	0	0	0	0	0	0	0	0	0	0	0	0	0	0	0	0	0	0	0	0	0	0	0	0	0	
500	1385	3251	6176	10111	15231	21160	28323	36074	44251	52536	60730	68810	76161	82274	87272	90999	92626	93273	92162	89381	85246	80697	74608	68011	61272	55335	49465	43929	38317	33155	28560	24544	20859	17585	14989	12703	10688	8981	7495	6208	5167	4288	3517	2904	2431	2025	1674	1413	1189	989	790	670	546	441	359	292	249	218	166	153	132	97	87	66	52	39	32	20	15	11	8	8	9	7	4	3	2	2	1	1	0	0	0	0	0	0	0	0	0	0	0	0	0	0	0	0	0	0	0	0	0	0	0	0	0	0	0	0	0	0	0	0	0	0	0	0	0	0	0	
500	1323	3033	5894	9860	14604	20689	27432	34880	42858	50867	59391	67175	74802	80706	85361	89411	91793	92043	90737	88555	85312	80874	75378	69196	62839	56601	50492	44445	38747	33771	29341	25235	21570	18346	15541	13138	11055	9205	7706	6411	5307	4488	3721	3096	2668	2217	1782	1504	1262	1053	922	778	705	591	482	408	328	259	205	165	141	114	88	96	78	62	40	30	32	21	21	20	17	13	9	8	7	5	5	6	3	5	6	3	2	2	2	2	2	2	2	0	0	0	0	0	0	0	0	0	0	0	0	0	0	0	0	0	0	0	0	0	0	0	0	0	0	0	0	
500	1375	3156	6039	10001	15014	20986	27960	35586	43873	52181	60426	68712	75942	82151	87253	90735	92492	92740	91632	89064	85213	80076	74586	68240	62039	56049	49559	43815	38314	33296	28591	24475	20950	17807	15105	12866	10893	9154	7749	6474	5340	4464	3711	3096	2601	2238	1836	1495	1200	960	781	652	562	468	377	306	241	215	170	163	130	119	108	81	67	48	34	28	28	19	23	14	11	12	11	8	8	7	4	5	4	4	3	4	4	4	2	5	3	2	2	3	4	3	2	1	1	0	0	0	0	0	0	0	0	0	0	0	0	0	0	0	0	0	0	0	0	0	0	
500	1367	3155	5952	9991	15110	21155	28172	35730	43902	52366	60686	68455	75811	81817	87030	90495	91801	92633	91291	88763	85066	80216	74586	68139	62154	55710	49433	43595	38086	33103	28834	24804	21198	18261	15452	13175	11174	9371	7753	6537	5420	4494	3688	3071	2635	2164	1830	1509	1270	1074	882	717	602	502	424	354	324	274	224	179	149	138	105	79	62	53	51	35	37	30	28	29	27	15	11	10	5	2	1	1	0	0	0	0	0	0	0	0	0	0	0	0	0	0	0	0	0	0	0	0	0	0	0	0	0	0	0	0	0	0	0	0	0	0	0	0	0	0	0	
500	1379	3188	6104	10207	15440	21555	28518	36253	44476	52765	61511	69536	76585	83282	88563	91512	93390	93155	91761	88885	84598	79645	73998	67802	61336	55096	49086	43092	37518	32334	27729	23602	20021	16916	14436	12123	10079	8550	7147	6009	4997	4148	3478	2980	2467	2025	1753	1422	1182	996	865	729	608	518	431	368	320	268	221	180	128	102	84	68	46	44	37	35	31	19	14	12	12	11	7	6	4	2	3	4	4	2	0	0	0	0	0	0	0	0	0	0	0	0	0	0	0	0	0	0	0	0	0	0	0	0	0	0	0	0	0	0	0	0	0	0	0	0	0	
500	1368	3063	5885	9855	14932	20918	27894	35597	43781	52198	60713	68503	75490	81565	86129	89770	91742	92028	90911	88309	84301	79874	74348	68788	62277	55892	49838	44231	38499	33402	29111	25023	21424	18210	15291	13062	10897	9056	7553	6484	5474	4571	3837	3118	2637	2215	1814	1495	1192	971	857	684	577	479	398	315	265	243	205	182	168	131	105	89	69	67	48	37	38	30	23	20	22	14	11	7	8	5	3	2	3	2	2	2	2	2	3	2	1	1	1	1	1	3	6	8	7	7	7	2	2	2	1	1	1	1	0	0	0	0	0	0	0	0	0	0	0	0	0	
500	1380	3181	5997	10010	15028	21097	28068	35630	43686	52259	60358	68540	75952	81783	86920	90306	92484	92482	91617	88806	84654	80099	74294	68829	62744	56507	49905	44209	38532	33399	28692	24543	21037	17978	15196	12904	10722	8908	7409	6121	5119	4216	3404	2829	2290	1901	1565	1318	1061	868	723	619	505	431	348	297	248	186	155	143	115	86	74	58	47	38	28	22	15	11	14	12	6	5	4	4	2	1	1	1	1	1	1	1	2	1	1	1	1	1	1	1	1	1	2	0	0	0	0	0	0	0	0	0	0	0	0	0	0	0	0	0	0	0	0	0	0	0	0	
500	1340	3090	5972	9987	15005	20996	27769	35385	43776	52082	60439	68310	75595	81904	87163	90610	92054	92362	91125	88971	85159	80311	74379	68910	62550	56463	50121	44373	38983	33748	29174	24875	21266	18141	15279	12739	10674	8943	7480	6206	5136	4244	3528	2921	2418	1990	1574	1366	1144	969	835	712	584	521	408	336	281	254	214	187	152	110	97	82	71	51	41	38	34	22	23	15	15	10	7	7	3	3	2	1	1	0	0	0	0	0	0	0	0	0	0	0	0	0	0	0	0	0	0	0	0	0	0	0	0	0	0	0	0	0	0	0	0	0	0	0	0	0	0	
500	1393	3222	6115	10144	15311	21330	28432	36068	44376	52342	60612	68625	75628	81926	86919	90428	92079	92618	91604	88718	84934	80454	74377	68220	62279	56033	49627	43717	38148	33244	28470	24334	20950	17923	15151	12751	10732	9170	7702	6348	5249	4427	3654	3101	2567	2143	1742	1410	1156	938	764	655	531	428	381	314	242	210	188	155	149	115	112	96	80	61	56	43	33	26	17	12	11	8	6	5	4	1	2	2	1	0	0	0	0	0	0	0	0	0	0	0	0	0	0	0	0	0	0	0	0	0	0	0	0	0	0	0	0	0	0	0	0	0	0	0	0	0	0	
500	1343	3131	5938	9816	14833	20912	28015	35626	43801	52262	60786	68970	75860	81981	87088	90598	92762	93212	91941	89499	85482	80509	74879	68807	62717	56401	49777	43702	38104	33151	28584	24414	20918	17960	15038	12621	10671	9048	7610	6341	5174	4364	3637	3007	2476	2020	1713	1444	1184	938	764	645	532	426	364	314	223	166	136	116	93	81	61	43	40	27	28	26	23	17	13	10	9	7	7	6	8	5	4	5	4	3	2	1	1	1	0	0	0	0	0	0	0	0	0	0	0	0	0	0	0	0	0	0	0	0	0	0	0	0	0	0	0	0	0	0	0	0	0	
500	1354	3168	6005	9910	14940	20955	27706	35325	43626	52412	60600	68846	76073	82383	87155	90558	92675	92847	91668	88970	85469	80535	74376	68237	61725	55332	49165	43549	37692	32702	28297	24345	20565	17672	14807	12419	10470	8920	7479	6287	5259	4450	3747	3098	2653	2289	1888	1564	1270	1092	918	724	603	495	410	330	279	237	200	167	149	124	113	93	70	55	47	35	30	27	18	11	13	15	9	7	5	3	3	2	1	1	1	0	0	0	0	0	0	0	0	0	0	0	0	0	0	0	0	0	0	0	0	0	0	0	0	0	0	0	0	0	0	0	0	0	0	0	0	
